image_id,dataset,category,split,D_raw,M_global,M_tight_top1,M_context_top1,M_context_top3max,num_candidates,fallback_global,detector_batch_amortized_sec,clip_sec,clip_views,D_z,M_global_z,M_tight_top1_z,M_context_top1_z,M_context_top3max_z,naive_context_top1,naive_context_top3max
3e7f296ac8792a06555764a9,AD2,sheet_metal,calibration,33.3535270690918,0.0007336735725402832,0.006804466247558594,0.006070986390113831,0.008977293968200684,3,0,0.003813593997620046,0.045257838908582926,7,-0.385719261906357,-0.5068152458113914,-0.5985331476675841,-0.8242845234166257,0.2676618100148018,-0.6050018926614914,-0.0590287259457776
483291c390d2fbe87cef3b65,AD2,sheet_metal,calibration,34.03004837036133,0.0012479722499847412,0.007555484771728516,0.005528301000595093,0.0108233243227005,3,0,0.003813593997620046,0.040788126178085804,7,0.0673320744296992,0.19245404836947458,0.20997025997215324,-1.3502524263217524,1.2250541395567025,-0.6414601759460266,0.6461931069932009
4af4e865c181e9c69ada487e,AD2,sheet_metal,calibration,32.72138595581055,0.0014272183179855347,0.008929416537284851,0.007128089666366577,0.007128089666366577,3,0,0.003813593997620046,0.03985487297177315,7,-0.8090501689858545,0.4361670442465574,1.6890662856587941,0.2002545633236081,-0.6913765990863063,-0.30439780283112317,-0.7502133840360804
5bbeb7cc3f8e53387c03d522,AD2,sheet_metal,calibration,37.215187072753906,-0.00040721893310546875,0.005983829498291016,0.006934374570846558,0.006934374570846558,2,0,0.003813593997620046,0.03816780773922801,5,2.200348940013559,-2.058036612203691,-1.481983537856783,0.01250688387698288,-0.791841548709301,1.106427911945271,0.704253695652129
64454bfa5e7865a60cb04a23,AD2,sheet_metal,calibration,31.677127838134766,0.0011064261198043823,0.006585240364074707,0.006104469299316406,0.007331177592277527,3,0,0.0031710121547803283,0.04024588176980615,7,-1.508366709063725,0.0,-0.8345391423738504,-0.791833059130736,-0.5860506915161682,-1.1500998840972305,-1.0472087002899466
6ba8179ef8fce6b693b7a644,AD2,sheet_metal,calibration,32.53522872924805,0.0012769848108291626,0.007686123251914978,0.0054693520069122314,0.006696432828903198,3,0,0.0031710121547803283,0.03885804023593664,7,-0.9337155418344077,0.23190115145141657,0.3506081443923433,-1.407385489390279,-0.9152434191385304,-1.1705505156123435,-0.9244794804864691
6c7c34c8b77b4a056d31e7b4,AD2,sheet_metal,calibration,39.377235412597656,-0.0017986595630645752,0.005606129765510559,0.006041049957275391,0.00846119225025177,3,0,0.0031710121547803283,0.038813883904367685,7,3.6482248424444785,-3.9499172447592015,-1.888593376615601,-0.8532987609557234,0.0,1.3974630407443775,1.8241124212222393
783db9c1f3111652b5ad2893,AD2,sheet_metal,calibration,31.432981491088867,0.0006650090217590332,0.007917642593383789,0.007617399096488953,0.007617399096488953,3,0,0.0031710121547803283,0.03995086392387748,7,-1.6718661119400915,-0.6001754158173435,0.5998485698784266,0.6744907594765952,-0.4376098644116694,-0.49868767623174814,-1.0547379881758805
9e0730c8ce7ec8333275ddd8,AD2,sheet_metal,calibration,33.129127502441406,-0.0006595700979232788,0.006813421845436096,0.006529703736305237,0.010523855686187744,3,0,0.00317845621611923,0.03849566821008921,7,-0.5359946831730814,-2.4011473932477005,-0.5888920653661659,-0.37969801848701723,1.0697430555126004,-0.4578463508300493,0.2668741861697595
9e18859ce1f2e7214b58ef48,AD2,sheet_metal,calibration,32.2285041809082,0.0014709532260894775,0.005953937768936157,0.006581112742424011,0.00726829469203949,3,0,0.00317845621611923,0.039191309828311205,7,-1.1391221805487681,0.495631475446095,-1.5141632568195869,-0.32987267278772053,-0.6186631597784018,-0.7344974266682444,-0.878892670163585
a52750a6214c5b3ef2d7aecb,AD2,sheet_metal,calibration,32.92231750488281,0.002734348177909851,0.00762099027633667,0.007046893239021301,0.007046893239021301,3,0,0.00317845621611923,0.03911600960418582,7,-0.6744907594765952,2.2134140305577805,0.28048972386073034,0.12155940137709574,-0.733486869124437,-0.2764656790497497,-0.7039888143005161
a6d307e003ec0be6665cd2cb,AD2,sheet_metal,calibration,32.57442855834961,0.0022633224725723267,0.007360443472862244,0.009144753217697144,0.009144753217697144,3,0,0.00317845621611923,0.041353439912199974,7,-0.9074642842239214,1.5729810935160824,0.0,2.154794559138106,0.35450989492735685,0.6236651374570923,-0.2764771946482823
a8d3759f35fb203c5468e458,AD2,sheet_metal,calibration,34.18344497680664,-0.0010930001735687256,0.007986977696418762,0.0069214701652526855,0.007126063108444214,3,0,0.0031622402602806687,0.03889501700177789,7,0.17005838535154402,-2.990463205956713,0.6744907594765952,0.0,-0.6924276170208238,0.08502919267577201,-0.26118461583463987
bb1ca9455cd0bd26cf66383b,AD2,sheet_metal,calibration,34.40984344482422,0.002173587679862976,0.008760958909988403,0.007410600781440735,0.009761735796928406,3,0,0.0031622402602806687,0.039936901070177555,7,0.32167242660541273,1.4509726421758387,1.5077144796396031,0.4740628906027287,0.6744907594765952,0.3978676586040707,0.49808159304100397
cea9d2269b2d52201c5dcdb8,AD2,sheet_metal,calibration,33.92950439453125,0.0003113299608230591,0.007119163870811462,0.003909766674041748,0.009810924530029297,3,0,0.0031622402602806687,0.03799908421933651,7,0.0,-1.0810572810715258,-0.2597477614385442,-2.9189276144858707,0.700001128607788,-1.4594638072429353,0.350000564303894
d3f4e1e3dd28ba74de79bfec,AD2,sheet_metal,calibration,34.17645263671875,0.00045436620712280273,0.00714932382106781,0.007400572299957275,0.009475454688072205,3,0,0.0031622402602806687,0.038476436864584684,7,0.16537577001483503,-0.8865771873460193,-0.22727929125872617,0.4643433376590688,0.5260190200799048,0.3148595538369519,0.3456973950473699
df8667218ea5421bd5aac9a6,AD2,sheet_metal,calibration,34.0977783203125,0.0006103515625,0.009659424424171448,0.005403012037277222,0.008638694882392883,3,0,0.0031369312200695276,0.03842160990461707,7,0.11268932227654478,-0.6744907594765952,2.4749508479657534,-1.4716818485361542,0.09205680614685491,-0.6794962631298047,0.10237306421169984
e433bfbfa36a2cf63c4525b7,AD2,sheet_metal,calibration,34.721099853515625,0.0016017258167266846,0.0063433051109313965,0.007128104567527771,0.007128104567527771,3,0,0.0031369312200695276,0.04062062222510576,7,0.5301139518555124,0.6734372158914586,-1.0949927401206514,0.2002690054527963,-0.6913688710132584,0.36519147865415436,-0.08062745957887302
e8e484ac3f343f0ab129e33a,AD2,sheet_metal,calibration,35.10356140136719,0.0013823658227920532,0.00980764627456665,0.008154809474945068,0.008740812540054321,3,0,0.0031369312200695276,0.03847888670861721,7,0.7862399822201837,0.3751830790299958,2.6345179788346513,1.1953461486490982,0.145017290744269,0.9907930654346409,0.4656286364822263
02dea521dfcb617029f8c08f,AD2,sheet_metal,evaluation,35.41431427001953,0.0026212334632873535,0.006113171577453613,0.007035195827484131,0.008635073900222778,3,0,0.0031369312200695276,0.03894653916358948,7,0.9943442978552012,2.0596169275813954,-1.3427412843188282,0.11022232996435721,0.09017888439620969,0.5522833139097791,0.5422615911257054
0462d03584442beb56ce3007,AD2,sheet_metal,evaluation,35.293190002441406,5.245208740234375e-05,0.007785603404045105,0.007511124014854431,0.007511124014854431,3,0,0.003159916726872325,0.040056873112916946,7,0.913230057718167,-1.4330421407749558,0.45770276243605135,0.571489494106339,-0.4927264813894539,0.742359775912253,0.21025178816435655
0465056ef7eb5a7a129b3dc5,AD2,sheet_metal,evaluation,39.2499885559082,0.0002851635217666626,0.006374627351760864,0.006312385201454163,0.007278069853782654,3,0,0.003159916726872325,0.03961976571008563,7,3.563010439942241,-1.1166346375234468,-1.0612730146671052,-0.5903220305677543,-0.6135935438589646,1.4863442046872435,1.4747084480416381
048fea4848bd131ef51695b0,AD2,sheet_metal,evaluation,37.62174987792969,-0.0007534921169281006,0.006125137209892273,0.004987746477127075,0.006417557597160339,3,0,0.003159916726872325,0.03910040622577071,7,2.472615048772844,-2.5288490320383943,-1.3298597716931395,-1.8741551047529659,-1.0598743062304032,0.29922997200993917,0.7063703712712205
05f2a273b2f8321bd98a2750,AD2,sheet_metal,evaluation,36.34703063964844,-0.0004626810550689697,0.007576078176498413,0.006815999746322632,0.009203851222991943,3,0,0.003159916726872325,0.039279612712562084,7,1.6189637989557828,-2.1334460203551995,0.23213993674513175,-0.10222139039409334,0.3851594326354182,0.7583712042808447,1.0020616157956006
076d95358f6d39c2af42e9ec,AD2,sheet_metal,evaluation,31.99175453186035,0.002326592803001404,0.01038295030593872,0.00477658212184906,0.006508007645606995,3,0,0.0031485866056755185,0.03904319182038307,7,-1.2976681785490414,1.6590069793331987,3.253857255861536,-2.0788145174789756,-1.0129649028295125,-1.6882413480140084,-1.155316540689277
0c64f2fa1ba68c7f9b62805f,AD2,sheet_metal,evaluation,37.3975944519043,0.0003643035888671875,0.005168706178665161,0.006310775876045227,0.006310775876045227,3,0,0.0031485866056755185,0.038479276932775974,7,2.3225031230770687,-1.0090313686645902,-2.359498486362912,-0.5918817805200801,-1.1152536776918172,0.8653106712784944,0.6036247226926258
11b5e0acc3fdec77d619e613,AD2,sheet_metal,evaluation,34.899532318115234,-0.0005784779787063599,0.00861099362373352,0.007364556193351746,0.007991611957550049,3,0,0.0031485866056755185,0.03811126295477152,7,0.64960622265451,-2.290890004972442,1.3462704658601128,0.4294367114111847,-0.24353476595918727,0.5395214670328473,0.20303572834766134
156c09badc34dd8434c7f0cf,AD2,sheet_metal,evaluation,32.868839263916016,-3.8057565689086914e-05,0.008352115750312805,0.00663699209690094,0.007474139332771301,3,0,0.0031485866056755185,0.03876982303336263,7,-0.7103039533692974,-1.5561041357003362,1.0675774162385818,-0.2757146883319633,-0.511907558694398,-0.4930093208506303,-0.6111057560318477
2176e4198610008303c38afd,AD2,sheet_metal,evaluation,34.0573844909668,0.0008268058300018311,0.006561934947967529,0.00614677369594574,0.006993547081947327,3,0,0.0031364229507744312,0.04002515086904168,7,0.08563846913938636,-0.3801874110593947,-0.8596284147855279,-0.7508318543654307,-0.7611533706360001,-0.33259669261302216,-0.3377574507483069
21bb5c570139e550e66e0a2b,AD2,sheet_metal,evaluation,36.4222297668457,-5.380809307098389e-05,0.006256178021430969,0.005356252193450928,0.008385330438613892,3,0,0.0031364229507744312,0.038302441127598286,7,1.669322989426347,-1.577519435113594,-1.188788760447428,-1.5170012499287318,-0.03934361988697434,0.07616086974880765,0.8149896847696864
21da16822facbd11fd2d6d21,AD2,sheet_metal,evaluation,32.67378616333008,0.0010520070791244507,0.0048587024211883545,0.006767734885215759,0.008866876363754272,3,0,0.0031364229507744312,0.03913965402171016,7,-0.8409266960843021,-0.07399117640228668,-2.6932307262942037,-0.14899944683467942,0.21039678872969483,-0.4949630714594908,-0.31526495367730367
2528083cc271c79549a7c42a,AD2,sheet_metal,evaluation,32.88469314575195,0.002098977565765381,0.008296459913253784,0.004175633192062378,0.008569285273551941,3,0,0.0031364229507744312,0.03905711928382516,7,-0.6996869597308017,1.3495285511993191,1.007661538708137,-2.6612511455099717,0.056059441889631086,-1.6804690526203867,-0.32181375892058534
2570ec1ec199430f1832682b,AD2,sheet_metal,evaluation,35.08931350708008,1.633167266845703e-05,0.0067762285470962524,0.006240516901016235,0.00803452730178833,3,0,0.003143286914564669,0.0385705609805882,7,0.7766984828843364,-1.4821534802051703,-0.6289322341254672,-0.6599764196424522,-0.22127791558116996,0.05836103162094208,0.27771028365158323
2887db27ad9866db4505482a,AD2,sheet_metal,evaluation,35.273681640625,0.0016497820615768433,0.008169695734977722,0.00806206464767456,0.008935779333114624,3,0,0.003143286914564669,0.03915200615301728,7,0.9001657397520296,0.7387771786234889,0.8711945052003741,1.1054583365817294,0.24613139850328927,1.0028120381668795,0.5731485691276594
298a39c8400f68e7e5705684,AD2,sheet_metal,evaluation,33.93191146850586,0.0017031580209732056,0.006082385778427124,0.0055466145277023315,0.006378784775733948,3,0,0.003143286914564669,0.03862327616661787,7,0.0016119641448245322,0.8113501232765532,-1.375883507338346,-1.332503049549452,-1.079982752301098,-0.6654455427023138,-0.5391853940781368
2a9caad55750b3a831e3c6b1,AD2,sheet_metal,evaluation,33.97836685180664,0.0008516013622283936,0.007978275418281555,0.007188171148300171,0.007188171148300171,3,0,0.003143286914564669,0.038938337936997414,7,0.03272210575444918,-0.3464740163350231,0.6651223866579126,0.25848522821043834,-0.6602170085570821,0.14560366698244376,-0.31374745140131644
2af3837478436db18f3ed55d,AD2,sheet_metal,evaluation,33.38585662841797,0.002279534935951233,0.006454870104789734,0.004974231123924255,0.007531300187110901,3,0,0.0031691399635747075,0.03851043991744518,7,-0.3640688718471052,1.59502446698971,-0.9748882755770262,-1.887254115926665,-0.4822626704825666,-1.125661493886885,-0.4231657711648359
2b84d6f74ca188f729f9778c,AD2,sheet_metal,evaluation,38.43840408325195,-0.00032795965671539307,0.007998168468475342,0.006207823753356934,0.007322832942008972,3,0,0.0031691399635747075,0.039186964742839336,7,3.0195102882152858,-1.9502712597163514,0.6865381019197985,-0.6916624510813674,-0.5903784124230048,1.1639239185669592,1.2145659378961404
2fb30a4e68e030ecee938822,AD2,sheet_metal,evaluation,34.39057922363281,-7.0035457611083984e-06,0.004346683621406555,0.005406007170677185,0.009999200701713562,3,0,0.0031691399635747075,0.03866741294041276,7,0.3087716042102243,-1.5138813504806305,-3.2444407578400174,-1.4687789805693257,0.797645331568291,-0.5800036881795507,0.5532084678892577
3266f22024206b6054c84bb1,AD2,sheet_metal,evaluation,34.11997604370117,-0.00048495829105377197,0.008606791496276855,0.005717918276786804,0.006300792098045349,3,0,0.0031691399635747075,0.040460298769176006,7,0.12755464614141634,-2.1637353984278773,1.341746696793557,-1.1664763324018825,-1.1204314866339253,-0.5194608431302331,-0.4964384202462545
35d6264bb9201cdc868cfc9a,AD2,sheet_metal,evaluation,33.54795455932617,0.002004653215408325,0.006798610091209412,0.006916925311088562,0.006916925311088562,3,0,0.003146847477182746,0.03845044691115618,7,-0.25551547659190893,1.221279880162497,-0.6048375492390606,-0.004404849402401592,-0.8008911222484185,-0.12996016299715527,-0.5282032994201638
38df0a73347a1b6bee3a41a7,AD2,sheet_metal,evaluation,44.980648040771484,-0.00013387203216552734,0.005910247564315796,0.005686283111572266,0.007941171526908875,3,0,0.003146847477182746,0.038802612107247114,7,7.400706212170152,-1.6863788520931904,-1.5611976217243428,-1.1971369726684353,-0.26969429322640553,3.1017846197508585,3.5655059594718734
3cfdf79448d4691e83334b62,AD2,sheet_metal,evaluation,32.92283248901367,-0.000342637300491333,0.0057367682456970215,0.006433054804801941,0.006433054804801941,3,0,0.003146847477182746,0.03855642909184098,7,-0.6741458860066248,-1.9702278064732661,-1.7479554921954108,-0.47336966840169503,-1.0518371102605637,-0.57375777720416,-0.8629914981335942
3dbabd8bec52570e74a505db,AD2,sheet_metal,evaluation,36.08202362060547,-0.0024668723344802856,0.005162253975868225,0.004552438855171204,0.009945794939994812,2,0,0.003146847477182746,0.03713620500639081,5,1.4414944659273197,-4.8584567637646074,-2.3664445573055315,-2.296053024727909,0.7699479177645361,-0.42727927940029475,1.105721191845928
40103fa106f396228bd024e2,AD2,sheet_metal,evaluation,37.37069320678711,-0.00046521425247192383,0.007336899638175964,0.00679449737071991,0.008584752678871155,3,0,0.0031502494821324944,0.04031718987971544,7,2.3044879548531343,-2.1368902974604542,-0.025345940160134625,-0.12306138281266873,0.06408118171337482,1.0907132860202329,1.1842845682832546
45e8c5a602c1e424a504c910,AD2,sheet_metal,evaluation,33.41298294067383,-0.0001841336488723755,0.010231375694274902,0.007298007607460022,0.007518470287322998,3,0,0.0031502494821324944,0.03906027693301439,7,-0.34590298114370227,-1.754717361952148,3.0906807347799603,0.3649381624566748,-0.48891654137682805,0.009517590656486274,-0.4174097612602652
4a71b2ce5aaac7f706a95986,AD2,sheet_metal,evaluation,43.509239196777344,0.0002484917640686035,0.004470616579055786,0.006551101803779602,0.007803335785865784,3,0,0.0031502494821324944,0.038956874050199986,7,6.415336288389069,-1.166495613735393,-3.1110216538451825,-0.3589591209727592,-0.34117896891969024,3.028188583708155,3.0370786597346893
4aaa50d3376c7c5e554b32e3,AD2,sheet_metal,evaluation,33.72322082519531,-0.00013269484043121338,0.005464732646942139,0.004999533295631409,0.009314879775047302,3,0,0.0031502494821324944,0.0392032447271049,7,-0.13814353897865514,-1.6847782762619252,-2.0408133931849157,-1.862731380565098,0.4427413049154901,-1.0004374597718766,0.15229888296841748
4b40ddcb505fc90bc899d7ac,AD2,sheet_metal,evaluation,33.718624114990234,0.0005351603031158447,0.00741007924079895,0.006455346941947937,0.007978856563568115,3,0,0.0031677144579589367,0.039469229988753796,7,-0.14122185402542783,-0.7767250081419672,0.05343501688190407,-0.4517642431361449,-0.25014999648820907,-0.29649304858078634,-0.19568592525681844
527a328eb116aa0a8fc2bed0,AD2,sheet_metal,evaluation,36.4348258972168,-0.00045953691005706787,0.005934387445449829,0.0060884058475494385,0.007824420928955078,3,0,0.0031677144579589367,0.03839162224903703,7,1.677758339039993,-2.1291710646539723,-1.5352100121930656,-0.8074016743956177,-0.3302437455568797,0.43517833232218767,0.6737572967415567
54713abdd7dcb471db0297b4,AD2,sheet_metal,evaluation,33.79163360595703,0.0017189085483551025,0.007835432887077332,0.002907469868659973,0.008339539170265198,3,0,0.0031677144579589367,0.038844980765134096,7,-0.09232901445681178,0.8327654226898109,0.5113463218635768,-3.8903485500718977,-0.06309198836324072,-1.9913387822643547,-0.07771050141002625
5dd6d47fc527b6bd1048a5e0,AD2,sheet_metal,evaluation,37.58353805541992,0.00028002262115478516,0.005211144685745239,0.005594819784164429,0.006927028298377991,3,0,0.0031677144579589367,0.03835748415440321,7,2.4470254373010416,-1.123624494001757,-2.3138116271375555,-1.2857827616256188,-0.7956514887219269,0.5806213378377114,0.8256869742895574
6345a21fe37be30d96fb9428,AD2,sheet_metal,evaluation,48.15657424926758,-0.0001408308744430542,0.01080283522605896,0.00633665919303894,0.007283523678779602,3,0,0.0031515072332695127,0.0392138990573585,7,9.527553674568987,-1.6958404839058596,3.705881244362975,-0.5667958021201733,-0.6107650691234249,4.480378936224406,4.458394302722781
636413381b27bf232dfc81dc,AD2,sheet_metal,evaluation,34.876426696777344,0.0029342621564865112,0.00633646547794342,0.0067892372608184814,0.008773952722549438,3,0,0.0031515072332695127,0.03913208702579141,7,0.6341328996351722,2.4852282755230264,-1.1023558961545135,-0.12815945441610402,0.16220452520284903,0.2529867226095341,0.3981687124190106
641a494d63ac094d521794ea,AD2,sheet_metal,evaluation,44.764713287353516,-0.00020553171634674072,0.005906268954277039,0.006605774164199829,0.008784219622612,3,0,0.0031515072332695127,0.03880405379459262,7,7.256099488902422,-1.7838113732647667,-1.5654807647767202,-0.3059709489812463,0.16752916753286776,3.475064269960588,3.711814328217645
6814f9278c1876d88e5afc90,AD2,sheet_metal,evaluation,34.61366271972656,0.0014535486698150635,0.0073621273040771484,0.006239205598831177,0.006239205598831177,3,0,0.0031515072332695127,0.03904964309185743,7,0.4581656821648022,0.47196726568764186,0.0018127159734779826,-0.6612473270110141,-1.1523716125409897,-0.10154082242310594,-0.3471029651880938
68b90c56100cd535e2597e81,AD2,sheet_metal,evaluation,34.30019760131836,9.357929229736328e-05,0.005507677793502808,0.005804821848869324,0.009122997522354126,3,0,0.003145504742860794,0.03898915322497487,7,0.24824503292127403,-1.3771232889484741,-1.9945811149940877,-1.0822498349762888,0.3432269082773898,-0.4170024010275074,0.2957359705993319
6c06ce0004bb77bf3286146a,AD2,sheet_metal,evaluation,34.34510803222656,0.0016060173511505127,0.007486969232559204,0.006238594651222229,0.006664901971817017,3,0,0.003145504742860794,0.04547072388231754,7,0.2783205541209875,0.6792722265168306,0.13621036575930576,-0.6618394543077304,-0.9315960217079348,-0.19175945009337145,-0.3266377337934736
6ee2e77d7dc4c33fa2fc09ca,AD2,sheet_metal,evaluation,37.96650314331055,0.00020688772201538086,0.006561636924743652,0.0037472695112228394,0.007497668266296387,3,0,0.003145504742860794,0.039784645196050406,7,2.703488677280795,-1.223062800075805,-0.8599492494710993,-3.0764190332832126,-0.4997049313517281,-0.18646517800120876,1.1018918729645335
6f755d2b326fa7ea7f77826a,AD2,sheet_metal,evaluation,39.09566116333008,-0.0010776668787002563,0.00472356379032135,0.0057960450649261475,0.008166402578353882,2,0,0.003145504742860794,0.037757367826998234,5,3.4596608021561535,-2.9696151992431443,-2.838713214466521,-1.0907562490681397,-0.15288446910705428,1.1844522765440069,1.6533881665245496
703d696269e1ee1a0bdcdc9f,AD2,sheet_metal,evaluation,35.42491149902344,0.00030791759490966797,0.006532236933708191,0.00504457950592041,0.007486224174499512,3,0,0.0031874870182946324,0.038613541051745415,7,1.0014410274817027,-1.0856969249368391,-0.8915995912027104,-1.8190728240291636,-0.5056400914525327,-0.40881589827373044,0.24790046801458498
727bf51b668ac1559060aedb,AD2,sheet_metal,evaluation,34.79648971557617,-8.133053779602051e-05,0.0070978254079818726,0.006842717528343201,0.006842717528343201,3,0,0.0031874870182946324,0.040070803835988045,7,0.5806008732408804,-1.614940492839504,-0.28271952492545105,-0.07632665275964726,-0.8393769260270735,0.2521371102406166,-0.12938802639309654
72f6374e9230e57aff74f7c8,AD2,sheet_metal,evaluation,37.18247604370117,-0.00036503374576568604,0.007778048515319824,0.007169559597969055,0.007169559597969055,2,0,0.0031874870182946324,0.03970397310331464,5,2.1784430881246992,-2.000679268174426,0.44956960315681826,0.24044700885437412,-0.6698693717939375,1.2094450484895367,0.7542868581653809
750d9488c3103508a32a5d63,AD2,sheet_metal,evaluation,36.77552795410156,-0.0022905319929122925,0.0049719661474227905,0.005327999591827393,0.00774402916431427,2,0,0.0031874870182946324,0.03718938073143363,5,1.9059189629175104,-4.6186945563317865,-2.571297504042822,-1.5443835268695627,-0.37193669965042253,0.18076771802397384,0.7669911316335439
768e9726aefabec1bf5ff545,AD2,sheet_metal,evaluation,37.28740310668945,0.0012533962726593018,0.007098570466041565,0.006265521049499512,0.006265521049499512,1,0,0.0031896053114905953,0.03552993340417743,3,2.2487104189765907,0.19982885346543086,-0.2819174382115227,-0.6357425268646494,-1.1387238355383582,0.8064839460559707,0.5549932917191163
76d2790a01240141cddd45ba,AD2,sheet_metal,evaluation,34.69535446166992,0.0004602372646331787,0.009884536266326904,0.006716102361679077,0.007273226976394653,3,0,0.0031896053114905953,0.03779935883358121,7,0.5128728329752893,-0.8785945686432535,2.7172933277120532,-0.19904142447179915,-0.6161051675995394,0.15691570425174506,-0.05161616731212504
76f163961fdef0974918d682,AD2,sheet_metal,evaluation,36.23919677734375,-0.00043258070945739746,0.00889374315738678,0.007091015577316284,0.007091015577316284,3,0,0.0031896053114905953,0.03956422209739685,7,1.5467498489622806,-2.092519904163354,1.6506623737959067,0.16432254590336168,-0.7106040448295379,0.8555361974328212,0.4180729020663714
789749265171dff481f175fd,AD2,sheet_metal,evaluation,39.36640167236328,-0.0009158402681350708,0.005461439490318298,0.0044059306383132935,0.0044059306383132935,1,0,0.0031896053114905953,0.036415090784430504,3,3.64096972648362,-2.749586673578075,-2.044358616460479,-2.438048038906311,-2.1031487115538683,0.6014608437886546,0.7689105074648759
78e4c61acc86b30fdfeec884,AD2,sheet_metal,evaluation,37.038394927978516,0.0010082423686981201,0.00508350133895874,0.005908221006393433,0.008775189518928528,3,0,0.0031578574562445283,0.039800947066396475,7,2.0819551550818742,-0.13349612850894493,-2.4512251229677537,-0.9820359005393555,0.1628459552658266,0.5499596272712594,1.1224005551738505
790ff7e272777ab396a40774,AD2,sheet_metal,evaluation,37.318050384521484,0.000904768705368042,0.005831986665725708,0.00498586893081665,0.009234324097633362,3,0,0.0031578574562445283,0.039715252816677094,7,2.269234222367273,-0.2741847180318033,-1.6454488101553726,-1.8759748130306793,0.4009633420184201,0.19662970466829688,1.3350987821928466
7b57165b0c1cfd96c17cfe5b,AD2,sheet_metal,evaluation,37.626747131347656,-0.0004010200500488281,0.007710576057434082,0.006786257028579712,0.006786257028579712,3,0,0.0031578574562445283,0.03919671289622784,7,2.475961598740705,-2.0496082635225976,0.3769326303434704,-0.13104788025374442,-0.8686585948056524,1.1724568592434803,0.8036515019675262
7be33dcf3bc5ca6bca5ac831,AD2,sheet_metal,evaluation,32.50868225097656,-0.0003332793712615967,0.005393132567405701,0.006191372871398926,0.007230103015899658,3,0,0.0031578574562445283,0.04010280920192599,7,-0.9514931305568071,-1.9575042416373856,-2.1178939263934264,-0.7076065617051422,-0.6384702110002276,-0.8295498461309747,-0.7949816707785173
7c6d80e6f65fe11c95c0b21c,AD2,sheet_metal,evaluation,32.760108947753906,0.001204460859298706,0.004577204585075378,0.007779404520988464,0.007779404520988464,3,0,0.0031843087635934353,0.0388990486972034,7,-0.7831182386623777,0.13329352397334174,-2.9962751285505984,0.8315055880107267,-0.35359025423465407,0.024193674674174492,-0.5683542464485158
7e078f6d03a4f522b7f43332,AD2,sheet_metal,evaluation,38.46394348144531,0.00048644840717315674,0.005798935890197754,0.005427256226539612,0.00724145770072937,3,0,0.0031843087635934353,0.03906370606273413,7,3.036613457707521,-0.8429564308306515,-1.6810293767852325,-1.4481845043469497,-0.6325814193377106,0.7942144766802856,1.2020160191849052
84b46118f6a61901e3dad5d2,AD2,sheet_metal,evaluation,37.05690002441406,-0.0006548315286636353,0.0062644630670547485,0.006090894341468811,0.007630005478858948,3,0,0.0031843087635934353,0.039139112923294306,7,2.0943476084361436,-2.394704569015519,-1.1798695561885453,-0.804989838821188,-0.4310719146131268,0.6446788848074778,0.8316378469115084
873afdd0a95e806bdf5024e8,AD2,sheet_metal,evaluation,37.72747802734375,0.0014445185661315918,0.0059420764446258545,0.005904391407966614,0.007891491055488586,3,0,0.0031843087635934353,0.03870343789458275,7,2.543418849466912,0.4596894308300883,-1.5269324773053254,-0.9857475277407235,-0.29545968876817974,0.7788356608630942,1.1239795803493662
8900dc2992416e68ebe0376d,AD2,sheet_metal,evaluation,34.560691833496094,0.0013629347085952759,0.006736814975738525,0.008749738335609436,0.008749738335609436,2,0,0.003145296359434724,0.03757186001166701,5,0.4226922525054782,0.34876344758733924,-0.6713626212922748,1.7719481564880608,0.14964640649997468,1.0973202044967696,0.28616932950272644
8a85e0b98c1c5c056d7d0370,AD2,sheet_metal,evaluation,43.605445861816406,0.0005360841751098633,0.00723874568939209,0.007157385349273682,0.009559854865074158,3,0,0.003145296359434724,0.039243489038199186,7,6.4797637618161295,-0.7754688600212274,-0.13101284385305031,0.22864778930761312,0.5697908258233388,3.3542057755618715,3.524777293819734
8cc1c4aec512ab4ac0483892,AD2,sheet_metal,evaluation,33.83909225463867,-0.0002900809049606323,0.009218603372573853,0.006577715277671814,0.006577715277671814,3,0,0.003145296359434724,0.039246425963938236,7,-0.060547008235318917,-1.8987691867660195,2.0003882228029286,-0.3331654782426306,-0.9768129771113303,-0.19685624323897477,-0.5186799926733247
8fa3f0ce6a26b99a42a3f21c,AD2,sheet_metal,evaluation,36.72121047973633,0.0011635422706604004,0.005601271986961365,0.00645957887172699,0.007304742932319641,2,0,0.003145296359434724,0.0373778291977942,5,1.8695437529996712,0.0776583184967045,-1.8938229819904135,-0.44766267844669555,-0.599760293103183,0.7109405372764879,0.6348917299482442
90bc84f93fc361efbb774515,AD2,sheet_metal,evaluation,34.14744186401367,0.0006476640701293945,0.007718831300735474,0.006991833448410034,0.007358923554420471,3,0,0.003171921707689762,0.039456854574382305,7,0.1459478978731701,-0.6237585837615552,0.38581975113379613,0.06819573402668956,-0.5716610195009362,0.10707181594992984,-0.21285656081388304
9107ec083dcd1057cdf09d39,AD2,sheet_metal,evaluation,33.569061279296875,-0.00044542551040649414,0.005922645330429077,0.006639078259468079,0.007093802094459534,3,0,0.003171921707689762,0.03982348972931504,7,-0.24138077355971535,-2.1099844151323497,-1.5478508988045758,-0.273692790245615,-0.7091588951695763,-0.25753678190266516,-0.4752698343646458
91244915bef83cd9bcff29b6,AD2,sheet_metal,evaluation,38.48173141479492,-0.00032716989517211914,0.006933778524398804,0.0041175782680511475,0.006928667426109314,3,0,0.003171921707689762,0.041975277941673994,7,3.0485256428221272,-1.9491974556776546,-0.4593229775981865,-2.7175176808272066,-0.7948014006866554,0.16550398099746033,1.1268621210677359
91767fc5f036238461f81a96,AD2,sheet_metal,evaluation,37.93046951293945,0.0008555352687835693,0.005881756544113159,0.007258951663970947,0.007822766900062561,3,0,0.003171921707689762,0.038913185242563486,7,2.6793577528560526,-0.3411252565950988,-1.5918694176649615,0.3270853418543976,-0.3311015616651991,1.503221547355225,1.1741280955954267
93a3d9413dc812113e800008,AD2,sheet_metal,evaluation,32.45471954345703,0.0025485754013061523,0.005297854542732239,0.00360049307346344,0.007920026779174805,3,0,0.003162337001413107,0.03927663108333945,7,-0.987630760973111,1.9608269560212779,-2.2204647753705786,-3.218674005787002,-0.2806604288814078,-2.1031523833800563,-0.6341455949272594
950746624ac5e3479399bce7,AD2,sheet_metal,evaluation,36.40324783325195,-0.000884130597114563,0.006710126996040344,0.005148470401763916,0.005809038877487183,3,0,0.003162337001413107,0.04003345873206854,7,1.6566112087850684,-2.706472428401715,-0.7000933673851869,-1.7183822993290196,-1.3754656252884214,-0.030885545271975623,0.1405727917483235
9509339882e393692c73f91d,AD2,sheet_metal,evaluation,37.70223617553711,-0.001165539026260376,0.006614893674850464,0.008726969361305237,0.008726969361305237,2,0,0.003162337001413107,0.037763981614261866,5,2.526514940201771,-3.089091093888348,-0.8026160911595036,1.7498805830884883,0.13783791088274883,2.1381977616451295,1.33217642554226
978700474dec6483eba5404a,AD2,sheet_metal,evaluation,34.15837860107422,0.0011570602655410767,0.006297111511230469,0.005808338522911072,0.007818028330802917,2,0,0.003162337001413107,0.03861509170383215,5,0.15327198852802262,0.06884502119796554,-1.1447221163842067,-1.078841492487873,-0.3335590888944385,-0.46278475197992525,-0.09014355018320795
a5b8bcdbb4fc51deed3da6cc,AD2,sheet_metal,evaluation,37.09221649169922,-0.0005378276109695435,0.006969943642616272,0.004659637808799744,0.004659637808799744,2,0,0.0031787072075530887,0.0405789390206337,5,2.1179982646212236,-2.235619487659891,-0.4203896885041063,-2.1921563473479844,-1.971570539839937,-0.03707904136338036,0.07321386239064331
aaa9917f37d46dca1b537b31,AD2,sheet_metal,evaluation,46.46868133544922,-0.00064048171043396,0.005598574876785278,0.003919675946235657,0.007667332887649536,3,0,0.0031787072075530887,0.039806815795600414,7,8.397209162485538,-2.3751937522369313,-1.896726535894834,-2.909323598575716,-0.4117130916280805,2.743942781954911,3.9927480354287286
ac686438bbd1e02ffb772a4a,AD2,sheet_metal,evaluation,33.53369140625,0.0008302479982376099,0.009093418717384338,0.00486031174659729,0.006967797875404358,3,0,0.0031787072075530887,0.039332260843366385,7,-0.2650671944009405,-0.3755072462869609,1.865621613128694,-1.9976641935704689,-0.7745074808628105,-1.1313656939857046,-0.5197873376318756
ae6a5521ae84bc1178464a15,AD2,sheet_metal,evaluation,37.81081008911133,-0.00037015974521636963,0.006857439875602722,0.005486905574798584,0.007332846522331238,3,0,0.0031787072075530887,0.04087969707325101,7,2.599224486144712,-2.0076488641991763,-0.5415047823072813,-1.3903726612065772,-0.5851851473348008,0.6044259124690674,1.0070196694049556
b53f0384a93a7965952cd8ad,AD2,sheet_metal,evaluation,38.68933868408203,0.00029656291007995605,0.007974416017532349,0.0032779425382614136,0.007872000336647034,3,0,0.0031798752024769783,0.0396195687353611,7,3.187555634349521,-1.1011353905498025,0.6609675774797639,-3.531288334194821,-0.3055680083148626,-0.17186634992265004,1.4409938130173292
b58ecee733f6e01e044dfc7d,AD2,sheet_metal,evaluation,33.46556091308594,0.0010069459676742554,0.00853314995765686,0.00612311065196991,0.0072890520095825195,3,0,0.0031798752024769783,0.04045760538429022,7,-0.31069267716887417,-0.13525878796869273,1.2624684459888829,-0.7737659555162953,-0.6078979540226456,-0.5422293163425848,-0.45929531559575987
b8c7f31b715d0dac7652e8af,AD2,sheet_metal,evaluation,33.917137145996094,-2.9966235160827637e-05,0.005487188696861267,0.005486667156219482,0.010193318128585815,3,0,0.0031798752024769783,0.039752621203660965,7,-0.008282072515881351,-1.5451027094170828,-2.0166384996271165,-1.3906037352735885,0.8983189391635796,-0.699442903894735,0.44501843332384916
bcc491f9fe22d70969dd1953,AD2,sheet_metal,evaluation,37.070919036865234,-0.0003570467233657837,0.0061276257038116455,0.006106391549110413,0.0072548240423202515,3,0,0.0031798752024769783,0.04065394913777709,7,2.103735830674226,-1.989819665066095,-1.3271808020686189,-0.7899700244654579,-0.6256493378137239,0.6568829031043841,0.7390432464302512
bdbeb371e47504491d93ebac,AD2,sheet_metal,evaluation,34.384422302246094,-0.00023803114891052246,0.006564974784851074,0.0056873708963394165,0.008448943495750427,3,0,0.0031470049871131778,0.03961971402168274,7,0.3046484502803562,-1.8279994224798235,-0.8563559009927004,-1.1960826972376966,-0.006352476045392439,-0.4457171234786702,0.14914798711748187
be7ce52c0e4720ee15742b9c,AD2,sheet_metal,evaluation,36.82209396362305,0.0012680739164352417,0.005485758185386658,0.006321817636489868,0.006680890917778015,2,0,0.0031470049871131778,0.037154996767640114,5,1.9371031884577212,0.21978540022234552,-2.0181785061178585,-0.5811801627916225,-0.9233037993275137,0.6779615128330494,0.5068996945651038
bea7cc81d7eb9e0a73113e0e,AD2,sheet_metal,evaluation,34.40503692626953,0.003201425075531006,0.0016497969627380371,0.0072956085205078125,0.0072956085205078125,3,0,0.0031470049871131778,0.039847651962190866,7,0.3184536075523558,2.848477947405994,-6.147754036246325,0.3626129796573743,-0.6044976018815595,0.34053329360486506,-0.14302199716460187
c047c0d640497d025939479a,AD2,sheet_metal,evaluation,33.96445083618164,0.0009873807430267334,0.006311580538749695,0.005947411060333252,0.00718611478805542,3,0,0.0031470049871131778,0.04112731013447046,7,0.0234028582103606,-0.16186076349339218,-1.129145592399719,-0.9440531007743844,-0.6612834826376954,-0.4603251212820119,-0.3189403122136674
c23aa34f9dbe6d0d9e4dad30,AD2,sheet_metal,evaluation,35.647518157958984,0.0016725212335586548,0.007317587733268738,0.008390679955482483,0.008390679955482483,3,0,0.0031513000139966607,0.038894948083907366,7,1.150515778149271,0.7696946307565363,-0.04613602778515644,1.4239506115691467,-0.0365692416627701,1.2872331948592088,0.5569732682432504
c317ea57c250cad10195849c,AD2,sheet_metal,evaluation,34.04017639160156,0.0005221664905548096,0.009710371494293213,0.005937933921813965,0.006905302405357361,3,0,0.0031513000139966607,0.03726092213764787,7,0.0741145860057834,-0.7943921236465658,2.5297975374641712,-0.9532382949380809,-0.8069190192257982,-0.43956185446614876,-0.36640221661000744
c51c179f6bf4eed9b3321539,AD2,sheet_metal,evaluation,53.83405303955078,0.0010164082050323486,0.007837176322937012,0.005780935287475586,0.005780935287475586,2,0,0.0031513000139966607,0.03732349909842014,5,13.329635513131288,-0.12239339995788986,0.513223204774169,-1.1054005680649766,-1.3900407710568037,6.112117472533156,5.9697973710372425
c886eea4d7da673c5a3bf205,AD2,sheet_metal,evaluation,38.56764602661133,-0.0006320476531982422,0.005759775638580322,0.005602926015853882,0.0072525739669799805,3,0,0.0031513000139966607,0.03892610967159271,7,3.1060607560863716,-2.3637263355217906,-1.7231870544693046,-1.277926243347237,-0.6268162768439602,0.9140672563695673,1.2396222396212058
c91a2ccc4c36c1cd4596db31,AD2,sheet_metal,evaluation,37.15385055541992,-0.0004785209894180298,0.006814420223236084,0.005509465932846069,0.006103083491325378,3,0,0.0031656407518312335,0.03980586538091302,7,2.1592732324309383,-2.1549828824898194,-0.5878172691695019,-1.3685072776156395,-1.2229675598337633,0.3953829774076494,0.4681528362985875
ca474e12007784f279eb1dbc,AD2,sheet_metal,evaluation,38.99809646606445,0.00016546249389648438,0.005301639437675476,0.006172209978103638,0.007576882839202881,3,0,0.0031656407518312335,0.03961716778576374,7,3.3943238846156905,-1.279386860973493,-2.216390174863823,-0.72617913984117,-0.4586224950289712,1.3340723723872603,1.4678506947933596
cadabc0c8fd6c500b80bd958,AD2,sheet_metal,evaluation,34.285709381103516,0.000570446252822876,0.007066518068313599,0.005300730466842651,0.006075531244277954,3,0,0.0031656407518312335,0.039112953934818506,7,0.23854259263277391,-0.7287482541111308,-0.3164232086447186,-1.5708126232839723,-1.2372567668993724,-0.6661350153255992,-0.49935708713329924
cda504807d17084bd27ddb9e,AD2,sheet_metal,evaluation,37.69614028930664,0.001828715205192566,0.005848333239555359,0.005401626229286194,0.007106214761734009,3,0,0.0031656407518312335,0.039056838024407625,7,2.52243266016464,0.982064704975805,-1.6278510276517855,-1.473024966550657,-0.7027214103206567,0.5247038468069916,0.9098556249219917
d140e9032b3b8e5712cef49d,AD2,sheet_metal,evaluation,36.53470993041992,-0.0020928382873535156,0.005602508783340454,0.005077913403511047,0.01013287901878357,3,0,0.0031403852626681328,0.03899664292111993,7,1.7446484645044709,-4.349899118947028,-1.8924915180452924,-1.7867657810351558,0.8669738748812053,-0.021058658265342478,1.305811169692838
d2e3e79e1c3f22f562208163,AD2,sheet_metal,evaluation,36.37125015258789,0.00024190545082092285,0.00567781925201416,0.004180282354354858,0.0064275264739990234,3,0,0.0031403852626681328,0.037942100781947374,7,1.6351830705175752,-1.1754507342090543,-1.8114165930014188,-2.6567452012032526,-1.054704225361343,-0.5107810653428387,0.2902394225781161
d759b447af9929c3f8eb3a7a,AD2,sheet_metal,evaluation,36.51335906982422,-0.0005408525466918945,0.005451112985610962,0.005559593439102173,0.008259028196334839,3,0,0.0031403852626681328,0.03907015593722463,7,1.7303502659013283,-2.2397323597326357,-2.0554755383155254,-1.3199239550265283,-0.10484676704116694,0.20521315543740004,0.8127517494300807
dc51891230c5f68f0d2b7798,AD2,sheet_metal,evaluation,36.6168212890625,0.0012631267309188843,0.006588786840438843,0.005883365869522095,0.009154647588729858,3,0,0.0031403852626681328,0.03956191008910537,7,1.7996366233275265,0.21305892964031947,-0.8307212096155516,-1.0061253720252763,0.35964133543117754,0.3967556256511251,1.079638979379352
dfd2b02a52f83d8506065cad,AD2,sheet_metal,evaluation,33.2518310546875,0.00265464186668396,0.006576672196388245,0.00482805073261261,0.007689252495765686,3,0,0.0031262277625501156,0.038933807983994484,7,-0.4538228310614714,2.1050408644636316,-0.8437631395840259,-2.028931403262926,-0.40034509617458625,-1.2413771171621988,-0.4270839636180288
e02f43ac9ec7500a9b06862b,AD2,sheet_metal,evaluation,37.580421447753906,4.4733285903930664e-05,0.006770282983779907,0.006362497806549072,0.010168120265007019,3,0,0.0031262277625501156,0.039018006063997746,7,2.4449383141531467,-1.4435370557192013,-0.6353328861026151,-0.5417531501078312,0.8852507676395425,0.9515925820226577,1.6650945408963445
e20ac1a68607362b8fd9f6c6,AD2,sheet_metal,evaluation,33.77278137207031,0.000946730375289917,0.009067684412002563,0.007949456572532654,0.008923634886741638,3,0,0.0031262277625501156,0.03858845587819815,7,-0.10495393807602389,-0.21713128080594368,1.8379175380296102,0.9963191663064873,0.2398330189692323,0.4456826141152317,0.06743954044660419
e6853996cd56e9dc7788260e,AD2,sheet_metal,evaluation,39.326595306396484,-0.0007376521825790405,0.005178689956665039,0.006262302398681641,0.0077484846115112305,3,0,0.0031262277625501156,0.038993542082607746,7,3.6143122845640576,-2.507312169903775,-2.348750524396273,-0.638862026769301,-0.3696260058090936,1.4877251288973783,1.622343139377482
e7462263ee482282944bbd73,AD2,sheet_metal,evaluation,51.84232711791992,0.001791924238204956,0.007874488830566406,0.00680968165397644,0.008256986737251282,3,0,0.0031466041691601276,0.03941103722900152,7,11.995820763001907,0.9320416451353762,0.5533917074076988,-0.10834485316989095,-0.10590551304873234,5.943737954916008,5.944957624976587
e78033eac4b6d95bb53b2188,AD2,sheet_metal,evaluation,44.00119400024414,-0.00012814998626708984,0.006756678223609924,0.005143105983734131,0.01029379665851593,3,0,0.0031466041691601276,0.04025294212624431,7,6.744787527706036,-1.6785988379260277,-0.6499789894989461,-1.7235814658367725,0.9504293357257223,2.5106030309346314,3.847608431715879
eabb63072fa6ebe30133e8a0,AD2,sheet_metal,evaluation,39.33784103393555,-0.0009339302778244019,0.0056611597537994385,0.005066439509391785,0.008276224136352539,2,0,0.0031466041691601276,0.038437603041529655,5,3.621843299300892,-2.7741828642003026,-1.8293512519248558,-1.7978862205100714,-0.09592857074386417,0.9119785393954104,1.7629573642785141
ec01a02c43014fc6730cb75b,AD2,sheet_metal,evaluation,36.7988395690918,0.001553460955619812,0.007467597723007202,0.007715567946434021,0.008116602897644043,3,0,0.0031466041691601276,0.03910493012517691,7,1.9215302353248362,0.6078136068095839,0.11535611119716968,0.7696355065684696,-0.17871168923321187,1.3455828709466529,0.8714092730458122
ec7ebd4b1b4487eef9515b9b,AD2,sheet_metal,evaluation,43.01321792602539,0.00010702013969421387,0.004741862416267395,0.007130727171897888,0.007732853293418884,3,0,0.00313249125611037,0.04023521579802036,7,6.083161825968484,-1.358848359837066,-2.8190139647724415,0.20281082018991986,-0.3777327544363645,3.142986323079202,2.8527145357660597
ec8f29a247365d62f0e7241f,AD2,sheet_metal,evaluation,38.340206146240234,-8.301436901092529e-05,0.009959757328033447,0.008036971092224121,0.008036971092224121,3,0,0.00313249125611037,0.039536523167043924,7,2.953749304037674,-1.6172299240918202,2.7982720023502554,1.0811377910287974,-0.22001051160131063,2.0174435475332357,1.3668693962181817
ecef6defe9755b772f9b9f42,AD2,sheet_metal,evaluation,47.40655517578125,-0.0003712475299835205,0.01234830915927887,0.0060355812311172485,0.0074225664138793945,3,0,0.00313249125611037,0.03903239918872714,7,9.025282507522416,-2.0091278773090795,5.36964971506447,-0.8585990223677936,-0.5386544195132583,4.0833417425773115,4.2433140440045785
ed337729b3bcf5e03c94c73b,AD2,sheet_metal,evaluation,33.843055725097656,0.0014100521802902222,0.007073506712913513,0.005168408155441284,0.005536720156669617,3,0,0.00313249125611037,0.03882371075451374,7,-0.057892759825695,0.41282700174506937,-0.30889963526807107,-1.6990587304752056,-1.5166961602392084,-0.8784757451504503,-0.7872944600324517
edc64a739db7b397d837e7ed,AD2,sheet_metal,evaluation,33.44239807128906,0.0010330826044082642,0.007469803094863892,0.0073094964027404785,0.011238157749176025,3,0,0.0031715912045910954,0.03855751687660813,7,-0.32620431946265316,-0.0997219524238924,0.11773028787039748,0.3760730440607785,1.4401959651378218,0.02493436229906268,0.5569958228375843
f26867f54bd62fbc71817e9b,AD2,sheet_metal,evaluation,37.33328628540039,-0.00035859644412994385,0.005913659930229187,0.005774557590484619,0.006609871983528137,3,0,0.0031715912045910954,0.03947448963299394,7,2.279437367841804,-1.9919267522363682,-1.5575240645745512,-1.111581799357527,-0.9601357954739131,0.5839277842421384,0.6596507861839453
f3eabf0bbd39cbb92b1f95a0,AD2,sheet_metal,evaluation,32.32992935180664,0.0023451000452041626,0.005234450101852417,0.004022777080535889,0.008198380470275879,3,0,0.0031715912045910954,0.03845558920875192,7,-1.0711999892926751,1.6841704626551157,-2.288722354725878,-2.8093985067225473,-0.13630002434621222,-1.9402992480076113,-0.6037500068194437
f46f3b110f5e9be69e7d08b8,AD2,sheet_metal,evaluation,37.96370315551758,-0.00018958747386932373,0.007246732711791992,0.006651058793067932,0.007447868585586548,3,0,0.0031715912045910954,0.038953157141804695,7,2.7016135874514746,-1.7621326879552248,-0.12241447427973881,-0.2620813183783006,-0.5255321514778857,1.219766134536587,1.0880407179867944
f84bec0e51f18392c122405e,AD2,sheet_metal,evaluation,39.254817962646484,0.000492587685585022,0.0068511962890625,0.0056247711181640625,0.0077543705701828,3,0,0.0031318062683567405,0.039362466894090176,7,3.5662445867050745,-0.8346091239637999,-0.5482262689700005,-1.2567540819573328,-0.36657341695516416,1.1547452523738708,1.5998355848749553
fa3337c909b0b54902122fbe,AD2,sheet_metal,evaluation,32.4061393737793,0.0011738091707229614,0.006890997290611267,0.007545754313468933,0.00813990831375122,3,0,0.0031318062683567405,0.03866487694904208,7,-1.0201638249736504,0.0916177709997646,-0.5053787967119502,0.6050530023397203,-0.1666249829862608,-0.2075554113169651,-0.5933944039799556
facd7de87157b0f947a75c1f,AD2,sheet_metal,evaluation,37.09626770019531,-0.0007925182580947876,0.005788877606391907,0.005721196532249451,0.009064152836799622,3,0,0.0031318062683567405,0.03878194000571966,7,2.120711269251657,-2.581911159912871,-1.6918575474232647,-1.163299063980478,0.3127087478111431,0.47870610263558944,1.2167100085314
fbbb8d32911c261e65269e6a,AD2,sheet_metal,evaluation,53.214332580566406,0.0014339685440063477,0.00842653214931488,0.0065831393003463745,0.0065831393003463745,2,0,0.0031318062683567405,0.03671054309234023,5,12.914622443223818,0.4453450297093821,1.1476898372257416,-0.32790854321812507,-0.9739999585218865,6.293356950002846,5.970311242350966
fcfe0902449d5644413e53d1,AD2,sheet_metal,evaluation,37.65708541870117,-0.0005059987306594849,0.007676512002944946,0.006378293037414551,0.0069898515939712524,3,0,0.005885900929570198,0.040161509066820145,7,2.4962784780494047,-2.1923431588550484,0.34026122578266804,-0.5264444931683372,-0.763069932751885,0.9849169924405338,0.8666042726487599
