image_id,dataset,category,split,D_raw,M_global,M_tight_top1,M_context_top1,M_context_top3max,num_candidates,fallback_global,detector_batch_amortized_sec,clip_sec,clip_views,D_z,M_global_z,M_tight_top1_z,M_context_top1_z,M_context_top3max_z,naive_context_top1,naive_context_top3max,fixed_source,logistic_source
003f750313c6cac44e0815b2,AD2,can,evaluation,46.497684478759766,-0.0411149412393569,-0.0124947875738143,-0.0031104832887649,-0.0012540966272354,3,0,0.0079860342666506,0.0253825993277132,7,1.502836360486845,-1.059222986292173,-0.493388444162951,1.098902428092804,0.8442570695644753,1.3008693942898248,1.1735467150256604,1.462442967247441,-0.10732589136905224
01bd7fadc5df19e575c7c1e3,AD2,can,evaluation,27.355321884155277,-0.0298399925231933,-0.0222981870174407,-0.027183175086975,-0.0045488327741622,3,0,0.0079860342666506,0.0262148757465183,7,-0.6536886669485723,0.5690029275710622,-1.8995598304710315,-2.4346246709038697,-0.0480633259637619,-1.544156668926221,-0.3508759964561671,-0.8317822673441021,-2.5423620476538025
040c5ceae8c7da0b22f7f9bb,AD2,can,evaluation,41.50104904174805,-0.0446977168321609,-0.0069694072008132,-0.010957047343254,-0.0013476908206939,3,0,0.0079114859690889,0.0256914338096976,7,0.9399293880777214,-1.576614968341473,0.2991562056456184,-0.0528610287305853,0.8189087551618229,0.443534179673568,0.8794190716197722,0.8406503463968907,-0.7849813817732731
04c89b639bee560606e6ea73,AD2,can,evaluation,46.92781448364258,-0.0258979946374893,-0.0016685128211975,-0.0067835003137588,-0.0034556835889816,3,0,0.0079114859690889,0.0257095070555806,7,1.5512936037344554,1.1382705376929574,1.0595012309932463,0.5597560251194121,0.2479965919758303,1.0555248144269338,0.8996450978551429,1.4521398458729509,-0.165980708914387
04f143a2a4b1522e77a31be2,AD2,can,evaluation,43.805213928222656,-0.0237342417240142,-0.0036651045083999,-0.0012950450181961,0.0006124675273895,3,0,0.0079114859690889,0.0259173610247671,7,1.1995101592841426,1.4507401243498337,0.7731158687697405,1.3653828192091662,1.349782608016863,1.2824464892466545,1.2746463836505026,1.216097425276645,-0.30988977195384826
053b365caf74d3f54c47c67c,AD2,can,evaluation,56.19534683227539,-0.0465309917926788,-0.0196401923894882,-0.0152991712093353,-0.0133047997951507,2,0,0.0079114859690889,0.0239616767503321,5,2.595347876221552,-1.841359924003451,-1.5183047350033598,-0.6902227528207449,-2.4194604901003243,0.9525625617004034,0.0879436930606136,2.2667908133173227,0.47025992103753633
08c6385e79de371e0bf647f3,AD2,can,evaluation,57.60342788696289,-0.0404425859451293,-0.0148489326238632,-0.0138370096683502,-0.0138370096683502,2,0,0.0079164834460243,0.0241153272800147,5,2.7539783493454464,-0.962127527949635,-0.8310602311418698,-0.4755983364284841,-2.563600021577021,1.139190006458481,0.0951891638842126,2.4310206807680537,0.6410751107760858
09dc3a68df37879bb05bf2e5,AD2,can,evaluation,39.10127639770508,-0.0253811329603195,-0.0154062956571578,-0.0173068046569824,0.0056888610124588,3,0,0.0079164834460243,0.0256181061267852,7,0.6695777143249626,1.2129110170278408,-0.9110067796541208,-0.9849146489983291,2.7246330483712637,-0.1576684673366832,1.697105381348113,0.5041284779926334,-1.17988869801186
0ac72446e98ed45a53337d7f,AD2,can,evaluation,47.51497650146485,-0.0214083790779113,-0.0081604570150375,-0.0084575712680816,0.0001972764730453,3,0,0.0079164834460243,0.0251073739491403,7,1.6174416343307465,1.7866201294661517,0.1283154500423613,0.3140263355471512,1.237335532041524,0.9657339849389488,1.4273885831861353,1.487100104452387,-0.15619389148044416
0acdab7ce5a91891e8591a50,AD2,can,evaluation,39.487789154052734,-0.0272154062986373,-0.0025522112846374,-0.0012940317392349,-0.0012940317392349,3,0,0.0079164834460243,0.0275573427788913,7,0.7131211603529731,0.9480218846918318,0.9327460680970177,1.365531554078461,0.8334413582766058,1.039326357215717,0.7732812593147895,0.7783621997255219,-0.7129962626406305
0ad1b153c96a114d73f5bd93,AD2,can,evaluation,38.3651123046875,-0.0192158222198486,-0.0076344460248947,-0.000540092587471,-0.000540092587471,3,0,0.0079157317522913,0.0259645921178162,7,0.5866435267059706,2.1032493207633536,0.203764951766307,1.476199045943681,1.037632301679981,1.0314212863248255,0.8121379141929759,0.6755990786297418,-0.7975409801583853
0c3f2eacc9fc9c38fc83e2ff,AD2,can,evaluation,51.36011505126953,-0.0268305391073226,-0.0196736454963684,-0.0117136687040328,-0.0117136687040328,1,0,0.0079157317522913,0.0225010840222239,3,2.050624188241191,1.0036009165854307,-1.5231031523226306,-0.1639222305439381,-1.9885310738289,0.9433509788486264,0.0310465572061456,1.8291695463626783,0.11523980285775615
15a38a15d818b5ff3704119a,AD2,can,evaluation,50.955196380615234,-0.0391834825277328,-0.0202766954898834,-0.024938091635704,-0.0151312500238418,2,0,0.0079157317522913,0.0239674462936818,5,2.005007183389972,-0.7802992230900478,-1.6096029068486386,-2.1050785079290626,-2.914121888706837,-0.0500356622695454,-0.4545573526584328,1.5939986142580687,-0.2783544180680708
161f1ff7a3de582f4a8bd7a4,AD2,can,evaluation,26.295242309570312,-0.0395471006631851,3.4928321838378906e-05,0.004478633403778,0.0223273485898971,3,0,0.0079157317522913,0.0254444107413291,7,-0.7731142667076072,-0.8328096589065105,1.303837923318305,2.2128762917278904,7.2308700136407476,0.7198810125101416,3.22887787346657,-0.4745152108640574,-1.7895267762370457
19fb12cbfec3ac387a476cdf,AD2,can,evaluation,40.55006790161133,-0.0342620760202407,-0.0134778469800949,-0.0118661224842071,-0.0118661224842071,1,0,0.007980486494489,0.022240936756134,3,0.8327945127879832,-0.0695942957438004,-0.6343956545802922,-0.1863002665403225,-2.029820455241658,0.3232471231238303,-0.5985129712268374,0.7308850348551527,-0.8982354268170809
1a509b25c5b23864d1110133,AD2,can,evaluation,39.63214492797852,-0.0483498871326446,-0.0163101553916931,-0.0114080756902694,-0.0088555067777633,2,0,0.007980486494489,0.024307589046657,5,0.729383878070665,-2.104028305181252,-1.0406538172198256,-0.1190655437866465,-1.214449002670812,0.3051591671420092,-0.2425325623000735,0.6445389358849338,-0.9716221153518059
1a629dd5e2af09bb0ce56cff,AD2,can,evaluation,24.924449920654297,-0.0306759923696517,-0.014268934726715,-0.0109607577323913,0.0017876178026199,3,0,0.007980486494489,0.0257498230785131,7,-0.9275439030445868,0.4482754060313931,-0.7478670029378716,-0.0534056608255027,1.6680510555150916,-0.4904747819350448,0.3702535762352524,-0.8401300788226784,-2.3328989300275857
1bf3f235f03c0d171772166c,AD2,can,evaluation,39.22169876098633,-0.0383797883987426,-0.0077054053544998,-0.0126629024744033,-0.0126629024744033,2,0,0.007980486494489,0.024942466057837,5,0.6831441609427972,-0.664237000495141,0.1935867498623571,-0.3032561811882228,-2.2456140740004904,0.1899439898772871,-0.7812349565288466,0.5845041267296952,-1.043706419147039
1e44bce07ea89c63f9ef76d8,AD2,can,evaluation,45.10603332519531,-0.0307599306106567,0.0018989741802215,0.0081142485141754,0.0081142485141754,1,0,0.0079385632416233,0.0230212993919849,3,1.3460568340679373,0.4361538059595082,1.571211293535168,2.746532628202316,3.381505902016816,2.0462947311351267,2.3637813680423765,1.4861044134813752,0.06471700414097858
1fda98091818dc74d20a4d57,AD2,can,evaluation,39.2337760925293,-0.0296432375907897,-0.0089746117591857,-0.0012581050395965,-0.0012581050395965,2,0,0.0079385632416233,0.0247836541384458,5,0.6845047593333212,0.5974164918084433,0.0115354379831199,1.370805080105954,0.8431714627225213,1.0276549197196376,0.7638381110279213,0.7531347914105846,-0.7357478318086028
20955c8cc6632f72bbcc1b89,AD2,can,evaluation,39.4342041015625,-0.0266144424676895,-0.0020357370376586,-0.0016840249300003,-0.0016840249300003,3,0,0.0079385632416233,0.0276210340671241,7,0.7070844182204109,1.034807634895829,1.006827646843532,1.3082861276199165,0.7278186732668592,1.0076852729201635,0.717451545743635,0.7672045891603615,-0.7284919423853968
21f12a8c3a29a54979a68756,AD2,can,evaluation,37.1083984375,-0.0356797724962234,-0.0141123235225677,-0.0170670449733734,-0.0170670449733734,1,0,0.0079385632416233,0.0224769506603479,3,0.4450656575416451,-0.2743251728677353,-0.7254031427928668,-0.9497213541902142,-3.438397350533643,-0.2523278483242845,-1.496665846495999,0.3055869563684592,-1.3595205915704796
222003eab8b65491427677fc,AD2,can,evaluation,25.841781616210938,-0.0301928222179412,0.0117205083370208,0.0052636861801147,0.0074113607406616,3,0,0.0079304995015263,0.0249147480353713,7,-0.8241998800614856,0.5180504605903966,2.97998387088002,2.328110818991453,3.1911413119239787,0.7519554694649839,1.1834707159312463,-0.5089688101561917,-1.8107472615210054
223174f4b185da7ec9ee4f18,AD2,can,evaluation,35.320682525634766,-0.0422098040580749,-0.0217034816741943,-0.0183998644351959,-0.0183998644351959,1,0,0.0079304995015263,0.0226881098933517,3,0.2436665832722779,-1.217333152328342,-1.814257008550276,-1.1453602019725035,-3.799367679053121,-0.4508468093501128,-1.7778505478904216,0.10476390474779974,-1.562303900926473
23869c6bcbaa856166a27da2,AD2,can,evaluation,43.0342025756836,-0.0424906909465789,-0.0117658823728561,-0.0106356889009475,-0.0020156800746917,3,0,0.0079304995015263,0.0271143689751625,7,1.1126501768775834,-1.257896291216151,-0.3888363810941542,-0.0056902023892673,0.6379958053063698,0.553479987244158,0.8753229910919766,1.0008161389508983,-0.6331795046307866
25a6cd4aa2e5e4bbee9ca09d,AD2,can,evaluation,39.919166564941406,-0.0420224219560623,-0.013121485710144,-0.0124419778585433,-0.0009129494428634,2,0,0.0079304995015263,0.0249556968919932,5,0.761718932872125,-1.190273127314326,-0.5832802201970582,-0.2708276051269977,0.9366506868124174,0.2454456638725636,0.8491848098422712,0.6584642790722127,-0.9726376152778764
264664896502d3706ce59e15,AD2,can,evaluation,27.743518829345703,-0.0276376903057098,0.0109672397375106,0.015894740819931,0.015894740819931,3,0,0.0079372237669304,0.025695607997477,7,-0.6099554849163241,0.8870394553580585,2.871937192079817,3.888597696636695,5.488713175094498,1.639321105860185,2.4393788450890868,-0.16010016676102223,-1.347160734665104
2d83ed384d7b458aba0430e2,AD2,can,evaluation,41.47189331054688,-0.0419169217348098,-0.0044988095760345,-0.013055220246315,-0.0084873884916305,3,0,0.0079372237669304,0.0267116320319473,7,0.936644784951134,-1.1750377414615043,0.6535316146067649,-0.3608428229351496,-1.114750744590391,0.2879009810079922,-0.0890529798196285,0.8068960241625056,-0.8441523060846268
2f5d015a0d442457f6d16a76,AD2,can,evaluation,39.29832077026367,-0.0207407772541046,-0.012249618768692,-0.016124278306961,-0.0030156821012496,2,0,0.0079372237669304,0.0242767119780182,5,0.6917761821910811,1.8830291346890495,-0.4582221367447052,-0.811336681976428,0.3671631303744165,-0.0597802498926735,0.5294696562827488,0.5414648957743302,-1.1296756476162915
30f65f11cd2058fd17d6be26,AD2,can,evaluation,38.44268798828125,-0.0353533029556274,-0.0127558559179306,-0.0112775862216949,-0.0050429999828338,2,0,0.0079372237669304,0.0252732941880822,5,0.5953829862352498,-0.2271794004596179,-0.5308353356701331,-0.0999115548099739,-0.1818996817248128,0.2477357157126379,0.2067416522552184,0.5258535321307274,-1.0791754175294805
3254f68e536732ebd42f8bbb,AD2,can,evaluation,48.89857864379883,-0.0428765565156936,-0.0050987899303436,-0.011214479804039,-0.011214479804039,1,0,0.0079823065316304,0.0223024399019777,3,1.7733143816580546,-1.313619499783781,0.5674721602891176,-0.0906484346413992,-1.8533346827305308,0.8413329735083277,-0.0400101505362381,1.5869181000281094,-0.10117284758535061
3283a66fc3d42b3db910de0d,AD2,can,evaluation,39.41851043701172,-0.026332214474678,-0.011660560965538,-0.013411521911621,-0.000495359301567,3,0,0.0079823065316304,0.0260500810109078,7,0.7053164138683528,1.0755644439427845,-0.3737293817121472,-0.4131428149896454,1.049747512607662,0.1460867994393536,0.8775319632380073,0.593470490982553,-1.0454700014115352
336b4c21431c8394dbbe8ea2,AD2,can,evaluation,38.559906005859375,-0.0283237695693969,-0.0180043876171112,-0.0091602504253387,-0.0091602504253387,1,0,0.0079823065316304,0.0221358281560242,3,0.6085884402289403,0.7879621057202594,-1.283669608919802,0.2108830782462519,-1.296983372651491,0.4097357592375961,-0.3441974662112753,0.5688179040306716,-1.011266243141014
3397dfa23dfda370326fecef,AD2,can,evaluation,41.98289108276367,-0.0366873890161514,-0.0101486593484878,-0.0174506157636642,-0.0174506157636642,1,0,0.0079823065316304,0.0222845370881259,3,0.994212364674019,-0.4198360191061259,-0.1568665674369354,-1.0060240640507292,-3.542280643168363,-0.0059058496883551,-1.274034139247172,0.7941887218015442,-0.9146908353018719
351c0cf1b27f48f99724e3f9,AD2,can,evaluation,57.151065826416016,-0.0418164432048797,-0.0195604860782623,-0.015204980969429,-0.0134179145097732,2,0,0.0079925827449187,0.024246891029179,5,2.7030165048912744,-1.1605275427601516,-1.5068718912435473,-0.6763969718088061,-2.450095588751898,1.013309766541234,0.1264604580696882,2.3650751572212663,0.5620329640914182
3793eff27760f1a2029c7ad2,AD2,can,evaluation,35.53691864013672,-0.0287218391895294,-0.015756607055664,-0.0100226402282714,-0.0036859810352325,2,0,0.0079925827449187,0.0249059661291539,5,0.2680271391051452,0.7304764987044007,-0.9612544378985468,0.0842965808115194,0.1856246449780604,0.1761618599583323,0.2268258920416028,0.24965408327578265,-1.3167350855415076
37d6c70591c21c4f9cb053f4,AD2,can,evaluation,41.798038482666016,-0.0307886749505996,-0.0063746124505996,0.0012728422880172,0.0012728422880172,1,0,0.0079925827449187,0.0245302109979093,3,0.973387387792144,0.4320028088818115,0.3844718518442874,1.7423119744417852,1.52863330844392,1.3578496811169647,1.251010348118032,1.0502798464571081,-0.42822150164857065
39664208fa0290bf29e7715b,AD2,can,evaluation,41.89114761352539,-0.0323004126548767,-0.0061275959014892,-0.0095304995775222,-0.0052477717399597,3,0,0.0079925827449187,0.02620470803231,7,0.983876802042274,0.2136913498204249,0.4199031943394106,0.1565357944614643,-0.2373584520673139,0.5702062982518692,0.37325917498748,0.901142701284193,-0.7101770831481975
3cb48f1038daad923c4b12d3,AD2,can,evaluation,39.37025451660156,-0.0206974446773529,-0.0180346667766571,-0.0111768990755081,-0.0111768990755081,1,0,0.00793376727961,0.0222362629137933,3,0.6998800368499922,1.889286832720124,-1.2880127643731465,-0.0851321208125573,-1.8431566141230653,0.3073739580187175,-0.5716382886365367,0.6213788210837372,-0.9898562826296127
3da732b1ef5183efc409bb3c,AD2,can,evaluation,36.62461853027344,-0.0304268598556518,-0.0047206133604049,-0.007324144244194,-0.0004466623067855,3,0,0.00793376727961,0.0272123333998024,7,0.3905643663583651,0.4842528659287556,0.6217167184832257,0.480397223240728,1.0629362232377952,0.4354807947995466,0.7267502947980802,0.39954765204660136,-1.1425731263586831
406e9dc440da0cb13d4c98e7,AD2,can,evaluation,38.66699600219727,-0.0357720255851745,-0.0133537650108337,-0.0072954893112182,-0.0048292428255081,3,0,0.00793376727961,0.0260893609374761,7,0.620652899678461,-0.2876475279263256,-0.6165976942161195,0.4846033578532827,-0.1240073763425411,0.5526281287658719,0.2483227616679599,0.6070479454959432,-0.9510979445328887
42776fcda7c77635bdbcd004,AD2,can,evaluation,38.52766799926758,-0.0313041657209396,-0.0125014930963516,-0.0084286481142044,-0.0013465583324432,3,0,0.00793376727961,0.0268351198174059,7,0.6049565965781762,0.3575603034873885,-0.4943502650064574,0.3182718411545193,0.8192154693625238,0.4616142188663478,0.71208603297035,0.5762881210358106,-0.9945936381814464
441e2c3129f07e16ad95351d,AD2,can,evaluation,24.62676429748535,-0.0299824923276901,-0.0142747610807418,-0.0093331933021545,-0.0068350434303283,3,0,0.0079088517231866,0.0263104760088026,7,-0.961080332704136,0.548424397216467,-0.7487027183818961,0.185497535701629,-0.6672426186284558,-0.3877913985012534,-0.8141614756662958,-0.8464225458635595,-2.316907473177773
470966165157a80fdba221d1,AD2,can,evaluation,39.01035690307617,-0.0448263138532638,-0.0128677040338516,-0.0149648338556289,-0.0149648338556289,1,0,0.0079088517231866,0.0229534339159727,3,0.6593349783679976,-1.595185784712921,-0.5468785073398197,-0.6411468077859608,-2.869051044056491,0.0090940852910184,-1.1048580328442468,0.5292867997526018,-1.125370579283318
4782737b649a35b39d12e514,AD2,can,evaluation,38.94565200805664,-0.0380641818046569,-0.0053546726703643,-0.005936250090599,-0.002286285161972,3,0,0.0079088517231866,0.0265939570963382,7,0.6520455058790307,-0.6186599563761066,0.5307690769009138,0.6841202486246826,0.5647072541915525,0.6680828772518566,0.6083763800352916,0.6552529801535958,-0.8885102928777755
49f299020fc623a3087347d4,AD2,can,evaluation,42.74652862548828,-0.035246655344963,-0.0130835026502609,-0.0195645987987518,-0.0101075619459152,2,0,0.0079088517231866,0.024080735631287,5,1.0802416342919223,-0.2117783190261935,-0.5778320394635076,-1.3163265596717888,-1.5535457658245235,-0.1180424626899331,-0.2366520657663006,0.8405848148955513,-0.9002611007894425
4a9e54cda1472c47539d85ce,AD2,can,evaluation,41.94933319091797,-0.0371464937925338,-0.0194921046495437,-0.0173243731260299,-0.0075254887342453,3,0,0.0079753022873774,0.0267460602335631,7,0.9904318264423576,-0.4861357702537865,-1.4970634560194342,-0.9874934491586006,-0.854237388226752,0.0014691886418784,0.0680972191078027,0.7926392988822618,-0.9144278684768632
4ca159bbce60bc59e80f2b71,AD2,can,evaluation,35.84795379638672,-0.0350902527570724,-0.0127066522836685,-0.0145349204540252,-0.0145349204540252,1,0,0.0079753022873774,0.0225948831066489,3,0.3030674898220661,-0.189192074688451,-0.5237777080584485,-0.5780416649327025,-2.7526166834720422,-0.1374870875553181,-1.224774596824988,0.21495657434658927,-1.4090894833909955
4cbbdce3979125544c71fd30,AD2,can,evaluation,44.46223068237305,-0.0226581245660781,-0.0006592869758605,0.0025332123041152,0.0025332123041152,1,0,0.0079753022873774,0.0233348030596971,3,1.273527829086775,1.6061432119392725,1.2042616800799146,1.927316279069503,1.8699819995448823,1.600422054078139,1.5717549143158287,1.338906674085048,-0.14554754949144177
4d3ef72ae8b953b2884ac078,AD2,can,evaluation,34.28577423095703,-0.0353143513202667,-0.0103283077478408,-0.0150848180055618,-0.0070192068815231,2,0,0.0079753022873774,0.0248414929956197,5,0.127076709501832,-0.2215543582817541,-0.1826348165242977,-0.6587587661324457,-0.7171199976608361,-0.2658410283153068,-0.295021644079502,0.048493161938404236,-1.5697501676181056
4ef1d71f9a05eab14fef68fc,AD2,can,evaluation,24.91734313964844,-0.0425417125225067,0.0121296644210815,0.0074422955513,0.0074422955513,3,0,0.0079224684741348,0.0259581641294062,7,-0.9283445331145636,-1.265264364826329,3.038672041371128,2.6478995370850296,3.1995194524589103,0.859777501985233,1.1355874596721731,-0.5707201260946042,-1.8384528822235118
578038df5fb64d895d9874b2,AD2,can,evaluation,43.971866607666016,-0.0384861975908279,-0.0170836895704269,-0.0046013742685317,-0.0003302246332168,3,0,0.0079224684741348,0.0260794749483466,7,1.218284784011504,-0.6796036516780507,-1.1516073323470704,0.8800609407005406,1.0944712859256356,1.049172862356022,1.1563780349685695,1.1844623996804078,-0.3832811855075351
59537430fc2d9ba648b5ff30,AD2,can,evaluation,37.23668670654297,-0.0250926613807678,-0.0140265971422195,-0.0190145820379257,-0.0006805658340454,3,0,0.0079224684741348,0.0260101067833602,7,0.4595182551011287,1.2545694682601536,-0.7131067976535507,-1.2355919602521286,0.9995876336535834,-0.3880368525754999,0.7295529443773561,0.290007233565803,-1.3999377368089476
59f6be7d256178574a897932,AD2,can,evaluation,39.075462341308594,-0.0329901427030563,-0.0092824697494506,-0.0123338997364044,-0.0071161240339279,3,0,0.0079224684741348,0.0260457941330969,7,0.6666695749349826,0.1140867869716171,-0.0326228256320845,-0.2549632814947256,-0.7433682760997552,0.2058531467201284,-0.0383493505823863,0.5745062892920118,-1.0485096684300736
5a93f61465e74e8e0cf33625,AD2,can,evaluation,39.37237548828125,-0.0422771126031875,-0.0136468112468719,-0.009131982922554,-0.009131982922554,2,0,0.0079333160538226,0.0242173457518219,5,0.7001189795869257,-1.227053242426816,-0.658631402457001,0.2150323436440763,-1.2893276247734728,0.457575661615501,-0.2946043225932735,0.6516103159926407,-0.9346424946721568
5ae740d4a96e16b5a7a465a1,AD2,can,evaluation,36.880409240722656,-0.0257454365491867,-0.0129902064800262,-0.008172184228897,-0.0042039155960083,3,0,0.0079333160538226,0.0265297559089958,7,0.4193810323337922,1.160301594241148,-0.5644499054608554,0.3559170740285072,0.0453513267154603,0.3876490531811497,0.2323661795246262,0.4130346365032637,-1.1415043977262815
5b5f55e0c9e8c75dfa06d870,AD2,can,evaluation,38.775123596191406,-0.0370771437883377,-0.0088618248701095,-0.0055743157863616,-0.0055743157863616,3,0,0.0079333160538226,0.0267776940017938,7,0.6328342519777046,-0.4761208711352791,0.0277132645708974,0.7372470315702578,-0.3257970704114827,0.6850406417739812,0.1535185907831109,0.6432755299369599,-0.8946957944509362
5c1d296009be26e8c6eae9ca,AD2,can,evaluation,39.44967651367188,-0.041453793644905,-0.0094608813524246,-0.0236393362283706,-0.0014982819557189,2,0,0.0079333160538226,0.0244926493614912,5,0.7088274968912782,-1.1081569798364057,-0.0582136722083111,-1.914439776488063,0.7781238378949539,-0.6028061397983924,0.743475667393116,0.44650076955334417,-1.3177256305322453
608b7e84db21829bcdebe7e7,AD2,can,evaluation,38.717533111572266,-0.0397424697875976,-0.0175677984952926,-0.0155922323465347,-0.0080167204141616,2,0,0.0079160905443131,0.0249627921730279,5,0.6263462690649623,-0.8610230973127739,-1.2210465224889273,-0.7332399392092592,-0.9872787084938812,-0.0534468350721484,-0.1804662197144594,0.4903876482375401,-1.1695919289833072
64539421e955dca6d72154c6,AD2,can,evaluation,40.02738571166992,-0.0244722068309783,0.0005847364664077,-0.0034222453832626,-0.0034222453832626,3,0,0.0079160905443131,0.0265815327875316,7,0.7739105992463442,1.34416989144374,1.3827008203468725,1.0531402084548067,0.2570527323228375,0.9135254038505756,0.5154816657845909,0.8018335601671905,-0.7198689104055838
66b9aad13d10c95814b805b5,AD2,can,evaluation,26.30481719970703,-0.0393500030040741,-0.0147521197795867,-0.0066303610801696,-0.0048330426216125,3,0,0.0079160905443131,0.0257947230711579,7,-0.7720355863664148,-0.8043466011840142,-0.8171736755412898,0.5822346758803194,-0.1250364832001556,-0.0949004552430476,-0.4485360347832852,-0.6366085601417414,-2.0875054320420015
6788209dd48da3b38fad4e15,AD2,can,evaluation,36.19453811645508,-0.0238308310508728,-0.0061450749635696,-0.0027429014444351,-0.0027429014444351,3,0,0.0079160905443131,0.0256334161385893,7,0.3421127099013668,1.4367915691100044,0.4173960480073373,1.1528581892069485,0.4410408956116326,0.7474854495541576,0.3915768027564997,0.42318725783192496,-1.0594790736884776
67debc61031e915b5d01c35a,AD2,can,evaluation,38.7803955078125,-0.0340622216463089,-0.0061944723129272,-0.0199931561946868,-0.0199931561946868,1,0,0.008013344486244,0.0219540186226367,3,0.6334281707950464,-0.0407331382497263,0.4103106344601736,-1.379232660273491,-4.230882273733777,-0.3729022447392223,-1.7987270514693654,0.4321620876881927,-1.2821232306687405
68b4f490a75dc451728b43d8,AD2,can,evaluation,44.69064331054688,-0.0435100495815277,-0.0109925419092178,-0.0109735876321792,-0.0061626434326171,3,0,0.008013344486244,0.0251692468300461,7,1.29926015689139,-1.4051028272923982,-0.2779106519023884,-0.0552889067440725,-0.4851350976755365,0.6219856250736587,0.4070625296079267,1.1638052505278438,-0.4876022864044278
6a15bda335b14a2b5a69e54d,AD2,can,evaluation,38.31716537475586,-0.0439848601818084,-0.0067437589168548,-0.0062540471553802,-0.0062540471553802,3,0,0.008013344486244,0.0253618988208472,7,0.5812419596906525,-1.4736706711927243,0.3315225457194346,0.6374721816033857,-0.5098901622426228,0.609357070647019,0.0356758987240148,0.5868649818819258,-0.9557442965879117
6bdda51a3760981ac6b189c8,AD2,can,evaluation,43.13786697387695,-0.0275487303733825,-0.0057229399681091,-0.0067657232284545,-0.0022529661655426,3,0,0.008013344486244,0.0261890608817338,7,1.1243287180217691,0.8998862425814125,0.4779458761755429,0.5623654471645384,0.5737311088332228,0.8433470825931537,0.8490299134274959,1.068132390936046,-0.5193837091409705
6be42d6f2403d1bf7e223271,AD2,can,evaluation,38.677001953125,-0.0395104587078094,-0.0129264444112777,-0.0167348980903625,-0.0167348980903625,1,0,0.0079213409917429,0.0231457580812275,3,0.6217801421226634,-0.8275181597805092,-0.5553040579289357,-0.9009669389464052,-3.348441304038639,-0.1395933984118709,-1.363330580957988,0.46950543401575656,-1.2041183712757415
6e76d44fbbcce9cfc50940c5,AD2,can,evaluation,36.90285873413086,-0.0403219610452652,-0.0015408992767333,-0.0039042830467224,-0.0039042830467224,3,0,0.0079213409917429,0.0256555378437042,7,0.4219101294684208,-0.9447079730797774,1.077805750334999,0.9823839689428296,0.1265014470798185,0.7021470492056252,0.2742057882741197,0.47795751341586173,-1.0245860103182665
6f823bac000cba0bc7d852df,AD2,can,evaluation,40.85832595825195,-0.0313671380281448,-0.0166441202163696,-0.0120107531547546,-0.0024820566177368,3,0,0.0079213409917429,0.026430161204189,7,0.8675220032306459,0.3484664135701534,-1.088556769985748,-0.2075299818546521,0.5116860546019892,0.3299960106879968,0.6896040289163176,0.7600168047221162,-0.8733433394681964
6fcc3a6f5a154e9481866abe,AD2,can,evaluation,41.095985412597656,-0.0313833504915237,-0.0017109513282775,-1.3783574104309082e-05,-1.3783574104309082e-05,3,0,0.0079213409917429,0.0262974891811609,7,0.8942960526077909,0.3461251565351435,1.053413973743677,1.5534536868773423,1.1801736907425002,1.2238748697425668,1.0372348716751456,0.9602118160347461,-0.5283897210091795
70fdf6f53d9c1937fa807f4f,AD2,can,evaluation,58.92435836791992,-0.0328318327665329,-0.0176824331283569,-0.0196978598833084,-0.0196978598833084,1,0,0.0079222945496439,0.0220292769372463,3,2.902790682598869,0.1369484733134784,-1.237489384153582,-1.3358873822615325,-4.15090654590105,0.7834516501686684,-0.6240579316510904,2.478922876112829,0.6067368561657265
7467e6fb76af8af978964274,AD2,can,evaluation,39.097755432128906,-0.0431897044181823,-0.0102913677692413,-0.0186430215835571,-0.0061491429805755,2,0,0.0079222945496439,0.024508009199053,5,0.669181052191528,-1.358841481944381,-0.1773362523664036,-1.1810521960482536,-0.4814787415461298,-0.2559355719283628,0.093851155322699,0.4841577273675499,-1.2161665998929831
771c143b4416653cd1361acc,AD2,can,evaluation,26.415252685546875,-0.0384641885757446,-0.0113979279994964,-0.0097938627004623,-0.0016908645629882,3,0,0.0079222945496439,0.0260550417006015,7,-0.7595942334271626,-0.6764253091773984,-0.3360580653414803,0.1178778521097785,0.7259662809231533,-0.320858190658692,-0.0168139762520046,-0.6718470248734685,-2.1623034635739162
77c7487739b8abdd546716db,AD2,can,evaluation,39.75702667236328,-0.0333205163478851,-0.0078546404838562,-0.0066248476505279,-0.0009355992078781,3,0,0.0079222945496439,0.0269074239768087,7,0.7434527060904335,0.066377219211319,0.1721808926452094,0.5830439685514818,0.930516402798402,0.6632483373209577,0.8369845544444177,0.7274118323365384,-0.8312750711619179
7889beb6c103c6aaa310a045,AD2,can,evaluation,39.31406784057617,-0.0297423601150512,-0.0097303092479705,-0.0079899728298187,-0.0036023259162902,3,0,0.0079201215412467,0.0265684118494391,7,0.6935502030868749,0.5831021151568938,-0.0968596337003979,0.3826631031716788,0.2082811386982468,0.5381066531292769,0.4509156708925608,0.6624614930953553,-0.9093626328489703
79241b88399b9d28f93e940c,AD2,can,evaluation,24.51754570007324,-0.043284848332405,0.0128051191568374,0.014340341091156,0.014340341091156,3,0,0.0079201215412467,0.0261483290232718,7,-0.9733845943968382,-1.372581303790464,3.1355573236273524,3.6604340325836366,5.067731791780012,1.3435247190933992,2.047173598691587,-0.5100027316987907,-1.6902007059043385
7a22bb85a5502d2da02fa3c4,AD2,can,evaluation,31.10244369506836,-0.0335631072521209,-0.0204285085201263,-0.0207453817129135,-0.0207453817129135,1,0,0.0079201215412467,0.0234185857698321,3,-0.2315484046822595,0.0313444393124578,-1.6313785307456232,-1.489648615227403,-4.434609110122935,-0.8605985099548314,-2.333078757402597,-0.3573584257367739,-2.0192793158913775
7b19806fbad9128915114604,AD2,can,evaluation,60.0252571105957,-0.0445902794599533,-0.0183312147855758,-0.0185346454381942,-0.0185346454381942,1,0,0.0079201215412467,0.0226477291435003,3,3.026814855661064,-1.561099836703218,-1.3305487568323036,-1.165144126866189,-3.83587070464968,0.9308353643974372,-0.4045279244943083,2.607618957408339,0.7408265358511796
7e155a572b3d22100b19692b,AD2,can,evaluation,39.52598571777344,-0.0177277624607086,-0.0013276189565658,-0.003402754664421,-0.003402754664421,3,0,0.0079885007580742,0.0269781467504799,7,0.7174242783833956,2.318141425570484,1.108398065297459,1.0560011674112402,0.2623314451454245,0.886712722897318,0.48987786176441,0.7512819672861801,-0.7661620909781326
7ef186459b969d4973e9c746,AD2,can,evaluation,42.17313003540039,-0.0363966077566146,-0.0115942806005477,-0.019252672791481,-0.0061458796262741,2,0,0.0079885007580742,0.0246374709531664,5,1.015644152966955,-0.3778440248219503,-0.3642223170189996,-1.2705402799814052,-0.4805949203625315,-0.1274480635072249,0.2675246163022119,0.7870257096721192,-0.9454094718978707
83575986e0c98f4e5ad957e6,AD2,can,evaluation,38.53100204467773,-0.0401611179113388,-0.0062590539455413,-0.0112518221139907,-0.0059647560119628,2,0,0.0079885007580742,0.0243346411734819,5,0.6053322008085357,-0.9214804653261958,0.4010472310473809,-0.096129752030407,-0.4315408268162428,0.2546012243890643,0.0868956869961464,0.5351860055246414,-1.0702360618840268
883d0b726129088cd4e7a3c0,AD2,can,evaluation,35.22969055175781,-0.0251155793666839,-0.0053131878376007,-0.0033731460571289,-0.0033731460571289,2,0,0.0079885007580742,0.0259011602029204,5,0.2334156820059573,1.2512598604294136,0.53671954185274,1.060347287783131,0.270350407208483,0.6468814848945442,0.2518830446072201,0.31610884258367467,-1.1665263136066901
88b6776330d4b1a34fb60dee,AD2,can,evaluation,39.62937545776367,-0.04322250187397,-0.0070064812898635,-0.0062564760446548,-0.0062564760446548,3,0,0.007930998574011,0.0264254128560423,7,0.7290718773026547,-1.3635777932808302,0.2938384050708542,0.6371156553725763,-0.5105479834888627,0.6830937663376155,0.109261946906896,0.7198762551096468,-0.8332837848836654
8993ec8916b23d674421ee2c,AD2,can,evaluation,36.405494689941406,-0.0230701118707656,-0.007225677371025,-0.0058504790067672,-0.0058504790067672,3,0,0.007930998574011,0.0259729963727295,7,0.3658784874106442,1.5466477390496092,0.2623975503864565,0.6967102178549816,-0.4005909425376341,0.5312943526328129,-0.0173562275634949,0.39896166045507797,-1.1233865211074723
8e7ef19bc73514e2677f346e,AD2,can,evaluation,52.22170639038086,-0.0350196808576583,-0.0182266682386398,-0.010843276977539,-0.010843276977539,1,0,0.007930998574011,0.0225292560644447,3,2.147688658576681,-0.179000720536055,-1.315552901192213,-0.0361611650972753,-1.7528010320245169,1.0557637467397027,0.1974438132760819,1.9293036762092852,0.21910646930473354
912b561b36477b7628bef782,AD2,can,evaluation,30.02022171020508,-0.0292398631572723,-0.0077597349882125,-0.0065531283617019,-0.0032020956277847,3,0,0.007930998574011,0.0258689490146935,7,-0.3534685064494427,0.6556681718982574,0.1857938636503031,0.5935713351090615,0.3166763586538017,0.1200514143298093,-0.0183960738978204,-0.2587645222935923,-1.73850667225316
92fb52e3548d74389d08c980,AD2,can,evaluation,57.89488220214844,-0.0424846410751342,-0.0186863541603088,-0.0232483446598052,-0.0232483446598052,1,0,0.0079234109725803,0.0225688251666724,3,2.7868127772769724,-1.257022623609337,-1.3814889260840542,-1.857047802437713,-5.11249188651649,0.4648824874196297,-1.1628395546197587,2.322426719305504,0.4150898356789856
9374c051383aa7d923b5a9d3,AD2,can,evaluation,55.66222381591797,-0.0365324169397354,-0.0141233205795288,-0.0146153271198272,-0.0146153271198272,2,0,0.0079234109725803,0.0239895009435713,5,2.5352877283795765,-0.3974563562714725,-0.7269805289762172,-0.5898442142667353,-2.7743933917217976,0.9727217570564206,-0.1195528316711105,2.2227745341149454,0.43887818821632574
94bb508d910e023f661981b9,AD2,can,evaluation,41.00293350219727,-0.0254155397415161,-0.0090135037899017,-0.0051635205745697,0.0100834965705871,3,0,0.0079234109725803,0.0264731938950717,7,0.8838130846545206,1.2079423015004165,0.0059568770907829,0.7975458974043234,3.914841539903797,0.840679491029422,2.3993273122791585,0.8751863659295009,-0.6756251324755498
977023ca6ffc9c2886be29c4,AD2,can,evaluation,25.423614501953125,-0.0413687378168106,-0.0181823074817657,-0.0088357329368591,-0.0060771405696868,3,0,0.0079234109725803,0.0260355272330343,7,-0.8713094175122912,-1.0958739879652322,-1.309189921967505,0.2585176074153711,-0.4619781755226277,-0.30639590504846,-0.6666437965174594,-0.758326715019525,-2.229119144897542
97a89cebcfb8357a001afc7d,AD2,can,evaluation,38.980743408203125,-0.0203206092119216,-0.0096378177404403,-0.0147716403007507,-0.0083676129579544,3,0,0.0079238385660573,0.0257187746465206,7,0.6559988048665325,1.943705995549504,-0.0835929181989664,-0.6127887551329333,-1.082311682153117,0.0216050248667996,-0.2131564386432921,0.5291200488665859,-1.1229380844343284
9958aa8a05a22c4124cf5893,AD2,can,evaluation,55.47926330566406,-0.0394289642572402,-0.0150582641363143,-0.0103467851877212,-0.0103467851877212,2,0,0.0079238385660573,0.0237449561245739,5,2.514675909047196,-0.8157494697764016,-0.861086140496487,0.0367167335796409,-1.618335105009396,1.2756963213134185,0.4481704020189001,2.2668799915004407,0.5366339303685053
99fc752b71270623bf6fdc03,AD2,can,evaluation,38.495059967041016,-0.0233223587274551,-0.0079049915075302,-0.0107835531234741,-0.006137803196907,3,0,0.0079238385660573,0.0258391601964831,7,0.6012830668743859,1.5102205340048966,0.1649586868003025,-0.0273945569188462,-0.4784075638259549,0.2869442549777698,0.0614377515242154,0.5384153044950627,-1.0609939517995102
9be2d9642fb1ca5f7a26de9f,AD2,can,evaluation,45.98828506469727,-0.0319564193487167,-0.017883226275444,-0.0087540596723556,-0.0087540596723556,1,0,0.0079238385660573,0.0224984372034668,3,1.4454488473229083,0.2633677456413839,-1.2662905749674678,0.2705060753360224,-1.1869738674290895,0.8579774613294654,0.1292374899469093,1.32795457012422,-0.30672328371709967
9cdb0236a5ca8698c9c2a3dd,AD2,can,evaluation,59.14040756225586,-0.0463196039199829,-0.0250964611768722,-0.017006516456604,-0.017006516456604,2,0,0.0079679710324853,0.0238954313099384,5,2.9271301805286614,-1.8108332031407208,-2.300936217984857,-0.9408366330273452,-3.42200428364882,0.993146773750658,-0.2474370515600792,2.540333499173061,0.6993171698806729
9dd5953f7dee155d587250f9,AD2,can,evaluation,45.580665588378906,-0.0343631654977798,-0.0041255205869674,-0.0011555254459381,-0.0011555254459381,3,0,0.0079679710324853,0.0260192863643169,7,1.3995275772599105,-0.0841927219620974,0.7070751122749395,1.3858622983445534,0.8709533121649443,1.392694937802232,1.1352404447124274,1.398161049368375,-0.1403557646014526
9e84485b3eec2ce091ac013d,AD2,can,evaluation,38.639122009277344,-0.0285395085811615,-0.0151688903570175,-0.015244647860527,-0.015244647860527,1,0,0.0079679710324853,0.0220102588646113,3,0.6175126936015313,0.7568070327856333,-0.8769540470346903,-0.6822195044861958,-2.944833665908586,-0.0323534054423322,-1.1636604861535274,0.48753947379275864,-1.16756216298507
a77b4edad2c451d466f32e0d,AD2,can,evaluation,40.14263916015625,-0.0365560948848724,-0.0120929479598999,-0.0165320038795471,-0.0165320038795471,1,0,0.0079679710324853,0.0223412448540329,3,0.7868947303811844,-0.4008757105257287,-0.4357497270810914,-0.8711849686476302,-3.2934910335551946,-0.0421451191332228,-1.2532981515870052,0.6210867604783029,-1.0618078630077252
a831a69508584485782d2e04,AD2,can,evaluation,40.48128509521485,-0.0288862437009811,-0.0096377581357955,-0.0026049613952636,-0.0026049613952636,3,0,0.0079240360064432,0.0263514979742467,7,0.8250456342094804,0.7067346890837535,-0.0835843686803575,1.1731058169284352,0.4783994923996207,0.9990757255689576,0.6517225633045506,0.859851652481376,-0.6554987268362424
a88c07a54dd0f16bf82780f8,AD2,can,evaluation,36.249961853027344,-0.0419598668813705,-0.0110765844583511,-0.018296018242836,-0.0043732225894927,3,0,0.0079240360064432,0.0282075926661491,7,0.3483565930396878,-1.181239490335492,-0.2899654731410018,-1.1301170651472858,-0.0005024462893058,-0.390880236053799,0.1739270733751909,0.20050922722099046,-1.4727398457797776
a9a11a31eac0ab62b853275b,AD2,can,evaluation,37.1981201171875,-0.0437450855970382,-0.0106512010097503,-0.0246502012014389,-0.0246502012014389,1,0,0.0079240360064432,0.0221345531754195,3,0.45517345101768,-1.43904459862807,-0.2289496962086087,-2.0628203068294493,-5.492159674139214,-0.8038234279058847,-2.5184931115607667,0.20337407523296708,-1.5551576668047633
ad78b5cbdd37e7111658bf41,AD2,can,evaluation,41.193389892578125,-0.0276748836040496,-0.0044126659631729,-0.0122624188661575,-0.0032497197389602,3,0,0.0079240360064432,0.0262245088815689,7,0.9052693688755236,0.8816683362777418,0.6658878063763436,-0.2444709113769799,0.3037782193717006,0.3303992287492718,0.6045237941236121,0.7902953408502733,-0.8488279244117809
adcbe07cb80277f6dcaa55a5,AD2,can,evaluation,40.09537506103516,-0.0360200852155685,-0.0109920352697372,-0.0210975557565689,-0.0210975557565689,1,0,0.0079874140210449,0.022036331705749,3,0.7815700891750589,-0.3234700516963713,-0.2778379809942124,-1.5413427314172723,-4.529989155114542,-0.3798863211211067,-1.8742095329697417,0.5492788071158258,-1.1890511764103757
adf66b633d550784d2ca9b04,AD2,can,evaluation,35.534061431884766,-0.0250369310379028,-0.0029549747705459,0.0005250126123428,0.0005250126123428,3,0,0.0079874140210449,0.026552845723927,7,0.2677052540152834,1.262617539318,0.8749748334767193,1.632541266347313,1.326097007439062,0.950123260181298,0.7969011307271727,0.40418885524848636,-1.0332313243469864
afa52cfd0a372d0ddf3bdd33,AD2,can,evaluation,37.05358505249024,-0.0414029359817504,-0.0144044011831283,-0.0195580124855041,-0.0195580124855041,1,0,0.0079874140210449,0.0222209780476987,3,0.4388905349031611,-1.1008125770234565,-0.7672979213563529,-1.3153597830213732,-4.113031377827671,-0.438234624059106,-1.8370704214622549,0.2634655031107077,-1.431654880633749
b1ec928d6a88f18fbb6696c8,AD2,can,evaluation,38.786128997802734,-0.0232265293598175,-0.0156976580619812,-0.0194806903600692,-0.0080638229846954,3,0,0.0079874140210449,0.0259501249529421,7,0.63407408974039,1.5240593428212097,-0.9527989639942996,-1.3040100001276933,-1.0000355978151332,-0.3349679551936516,-0.1829807540373715,0.44026568075358175,-1.2678006630990941
b2281c04927413e461a611be,AD2,can,evaluation,24.99063873291016,-0.0409647822380065,-0.0158306509256362,-0.0062063336372375,-0.0062063336372375,3,0,0.0079147452488541,0.0259274188429117,7,-0.9200872565903911,-1.0375383841397885,-0.9718750773905096,0.6444758441251746,-0.4969678086815191,-0.1378057062326083,-0.7085275326359551,-0.7636309465188347,-2.198807191468104
b2c8056da71f640190a05a3c,AD2,can,evaluation,28.654685974121094,-0.028636410832405,-0.0152714997529983,-0.0297821164131164,-0.0297821164131164,1,0,0.0079147452488541,0.0230915918946266,3,-0.5073059429815764,0.7428132878420034,-0.8916720433199903,-2.8161121124248734,-6.882047181754287,-1.661709027703225,-3.694676562367932,-0.7381865599259061,-2.4909567216410826
b48bc665134377b5fc392c09,AD2,can,evaluation,37.07130432128906,-0.0403118133544921,0.0006107985973358,0.004890888929367,0.004890888929367,3,0,0.0079147452488541,0.0265758237801492,7,0.4408867381640531,-0.943242535542239,1.3864390973586338,2.273389510755939,2.508516572559062,1.3571381244599965,1.4747016553615575,0.6241370154232417,-0.7722352433873461
b4fce323225fbfba54685258,AD2,can,evaluation,43.513275146484375,-0.0284518152475357,-0.0154236853122711,-0.0105253756046295,-0.0105253756046295,2,0,0.0079147452488541,0.0242013791576027,5,1.1666211527058707,0.769470909303127,-0.9135011017082808,0.0105022128664489,-1.666703127317275,0.5885616827861598,-0.2500409873057021,1.0510092587219284,-0.5854789131477682
b5333ff79c5eb109d86c9a32,AD2,can,evaluation,39.71932220458984,-0.0330251902341842,-0.0109442770481109,-0.0140331089496612,-0.0140331089496612,1,0,0.0079604141646996,0.0222842600196599,3,0.7392050262130044,0.1090255401459339,-0.2709876792087947,-0.5043829081919889,-2.616710006856261,0.1174110590105077,-0.9387524903216284,0.614846232772505,-1.03410507703903
b707c263398d75fbf1ab6efc,AD2,can,evaluation,39.4013786315918,-0.0249264389276504,-0.0094462186098098,-0.0089021027088165,-0.0050698220729827,3,0,0.0079604141646996,0.0267932564020156,7,0.7033863925885537,1.2785738085409766,-0.0561104906305105,0.2487754734765679,-0.1891639654256207,0.4760809330325608,0.2571112135814665,0.6579253006773552,-0.9257497441107079
b740d7cc95c5bf64e80589e4,AD2,can,evaluation,26.580406188964844,-0.0377781242132186,-0.0030888617038726,-0.0037549287080764,0.0106514245271682,3,0,0.0079604141646996,0.0262515586800873,7,-0.740988501677526,-0.5773501114302565,0.8557704773013751,1.0043070512213712,4.068654675842069,0.1316592747719226,1.6638330870822715,-0.5664589463876363,-1.984413001926463
b7504fc8f6d979f9d9833208,AD2,can,evaluation,41.46807861328125,-0.025948166847229,-0.0051699876785278,-0.0066777765750885,-0.0021208673715591,2,0,0.0079604141646996,0.0246504321694374,5,0.9362150318271528,1.1310251218502383,0.557259760310732,0.575274758908323,0.6095077060597016,0.7557448953677379,0.7728613689434273,0.9001210045352699,-0.6729318717248503
b7f1ce7153dc7e12e0028ced,AD2,can,evaluation,51.9247932434082,-0.036163792014122,-0.021896481513977,-0.0234848856925964,-0.0234848856925964,1,0,0.0079105051700025,0.0222039683721959,3,2.1142392539247377,-0.3442228851941979,-1.841940349806042,-1.8917686453080684,-5.176554797331281,0.1112353043083346,-1.5311577717032718,1.7136384640014573,-0.14872304047480345
b8c9fbb5b346653d8de16864,AD2,can,evaluation,58.696285247802734,-0.0454555451869964,-0.0197788774967193,-0.0228328108787536,-0.0228328108787536,1,0,0.0079105051700025,0.0220692893490195,3,2.8770966028222884,-1.6860536714935852,-1.5381973274267242,-1.7960533823619458,-4.999951989138308,0.5405216102301713,-1.0614276931580096,2.409781604303865,0.501099153787833
b9537d7ef449a9bcaf854524,AD2,can,evaluation,40.26119613647461,-0.0333027392625808,-0.003428503870964,-0.0013073235750198,-0.0013073235750198,3,0,0.0079105051700025,0.0265130940824747,7,0.8002510277213922,0.0689444247653326,0.8070531828879504,1.3635805025577128,0.8298415021315388,1.0819157651395526,0.8150462649264656,0.8565839752050243,-0.6411380213966447
b9ce4dfb6d8ba6f88e0f5933,AD2,can,evaluation,57.97078323364258,-0.0313003808259964,-0.0225012004375457,-0.0124891400337219,-0.0124891400337219,2,0,0.0079105051700025,0.024153206963092,5,2.795363575184824,0.3581068837143117,-1.9286794908531004,-0.2777503383816704,-2.198553622758757,1.2588066184015767,0.2984049762130334,2.4880521838281746,0.7116390609301252
ba49b2764920a43380f808c4,AD2,can,evaluation,34.4537239074707,-0.043139711022377,-0.0280932188034057,-0.0176345556974411,-0.0176345556974411,1,0,0.007913626730442,0.022216728888452,3,0.1459974502913468,-1.351621888789548,-2.730782502466471,-1.0330238173826976,-3.5920974865032367,-0.4435131835456753,-1.723050018105945,0.02809532352394238,-1.6226653877814106
baca876aeb27970ad6b26e50,AD2,can,evaluation,38.77573776245117,-0.0233788639307022,-0.0130433142185211,-0.0138338655233383,-0.0024621188640594,3,0,0.007913626730442,0.0259245564229786,7,0.6329034422306655,1.5020605646328768,-0.5720675265414259,-0.4751368208781726,0.5170858388195898,0.0788833106762464,0.5749946405251276,0.5220994159197817,-1.116850630655828
bbb66eda9c936773661b463b,AD2,can,evaluation,41.49405288696289,-0.0354401171207428,-0.0116803646087646,-0.0130387991666793,-0.0059618055820465,2,0,0.007913626730442,0.0239563509821891,5,0.93914122084834,-0.2397163154283382,-0.3765699592699694,-0.3584324431415795,-0.4307417556091539,0.2903543888533803,0.254199732619593,0.809383854449348,-0.841641398064314
bbba3a7a6547b94d95bb5298,AD2,can,evaluation,51.15366363525391,-0.0407065600156784,-0.0064723938703536,-0.0023436248302459,-0.0023436248302459,2,0,0.007913626730442,0.0241732192225754,5,2.0273659491713354,-1.000248270941547,0.3704463665663121,1.2114662895415316,0.5491778299244922,1.6194161193564334,1.2882718895479135,1.945775983208355,0.34805122721763926
bd0fca0789012551f867d6c4,AD2,can,evaluation,50.83702087402344,-0.0309796333312988,-0.0187699049711227,-0.0160485506057739,-0.0119631737470626,2,0,0.0079121977323666,0.0243586050346493,5,1.991693861362162,0.4044263301100727,-1.393473213794144,-0.8002209377741384,-2.0561050550990814,0.5957364617940117,-0.0322055968684596,1.7125023814485318,-0.05022763792050089
bdf27705919748ce541dab8f,AD2,can,evaluation,40.16414260864258,-0.0286786258220672,-0.0020545572042465,0.0003820359706878,0.0003820359706878,3,0,0.0079121977323666,0.0266489628702402,7,0.7893172487410657,0.7367169816102175,1.0041281363427572,1.611554338834332,1.287374339600589,1.2004357937876988,1.0383457941708274,0.8715409577503923,-0.6047502962889411
be8c7f404186f52b94b2ea69,AD2,can,evaluation,37.96525192260742,-0.0454381108283996,-0.0078397542238235,-0.0142561644315719,-0.0142561644315719,1,0,0.0079121977323666,0.0218980712816119,3,0.5415963744971504,-1.6835359594246868,0.1743161349177935,-0.5371242649342309,-2.6771205972548127,0.0022360547814597,-1.0677621113788311,0.4337243105540122,-1.2038900492334004
bf3a7141d60903b84a845da4,AD2,can,evaluation,43.46574783325195,-0.041719451546669,-0.0068309158086776,-0.0033797323703765,-0.0033797323703765,2,0,0.0079121977323666,0.0239108381792902,5,1.1612668585341903,-1.1465208864725789,0.3190210121335037,1.0593805111327157,0.2685666219886179,1.110323684833453,0.7149167402614043,1.151078223794043,-0.39767269978821296
c1d721d8ea31c923256ebdc9,AD2,can,evaluation,35.88815689086914,-0.0366926044225692,-0.0077150166034698,-0.0078799426555633,-0.0053099393844604,3,0,0.0079649832332506,0.026393178384751,7,0.3075966579957027,-0.4205891808361383,0.1922081399866646,0.3988139601550922,-0.2541954474005197,0.3532053090753975,0.0267006052975914,0.31671838821164167,-1.2262922607331261
c3e36dc688aadfacaf2dd292,AD2,can,evaluation,37.75532150268555,-0.0401931554079055,0.0022642463445663,0.0002526193857192,0.0004923343658447,3,0,0.0079649832332506,0.0263263368979096,7,0.5179462005782238,-0.9261070302391288,1.6236048809504393,1.5925578338369126,1.3172466884635778,1.055252017207568,0.9175964445209008,0.6254073639040927,-0.8331525193177312
c3e7f126dacb6a4c674db0c9,AD2,can,evaluation,29.926776885986328,-0.0301796793937683,-0.007017508149147,-0.0113957226276397,0.0025229454040527,3,0,0.0079649832332506,0.025753126014024,7,-0.3639957389744831,0.5199484281500277,0.2922567441281993,-0.1172522907477449,1.86720139317274,-0.240624014861114,0.7516028270991282,-0.3393213941518093,-1.8775155053919845
c44616ecbc67d676015e13b2,AD2,can,evaluation,37.5892219543457,-0.0228690803050994,-0.0102390795946121,-0.021703764796257,-0.011118397116661,3,0,0.0079649832332506,0.0255799628794193,7,0.4992338900538398,1.5756788959056005,-0.169836187166706,-1.6303255542503197,-1.82731240422897,-0.5655458320982399,-0.6640392570875652,0.28627794562342385,-1.4393691104133368
c4cb267c0e10f8a1e8a194da,AD2,can,evaluation,38.986812591552734,-0.028404101729393,-0.005141407251358,-0.0163823068141937,-0.0055126249790191,3,0,0.0079099097056314,0.0259473551996052,7,0.6566825420867864,0.7763612631874117,0.5613592544837215,-0.849211578986827,-0.3090892178996246,-0.0962645184500202,0.1737966620935809,0.5060931299794251,-1.1657042195546263
c91fc750851e7807581bf889,AD2,can,evaluation,44.34214782714844,-0.0397273451089859,-0.0015373229980468,-0.000989407300949,-0.000989407300949,1,0,0.0079099097056314,0.0224245632998645,3,1.2599996304969747,-0.858838928295738,1.0783187214515355,1.4102460677989268,0.9159434425519478,1.3351228491479508,1.087971536524461,1.2750242742271698,-0.25153151315506195
cc75798eac53b679b56950f8,AD2,can,evaluation,56.65885543823242,-0.0294380486011505,-0.0205257087945938,-0.0100082755088806,-0.0100082755088806,2,0,0.0079099097056314,0.0239639789797365,5,2.6475654593039963,0.6270480261577872,-1.6453206582171611,0.0864051163115208,-1.5266558089920337,1.3669852878077586,0.5604548251559814,2.3914494250047484,0.6558839167114939
ccfde2b757fc43da5c4fa44a,AD2,can,evaluation,38.32418441772461,-0.0394942909479141,-0.0037823319435119,-0.0128916054964065,-0.0049697905778884,2,0,0.0079099097056314,0.0241843019612133,5,0.5820327054387777,-0.8251833584174709,0.7563011030455965,-0.3368265160990338,-0.1620722229347744,0.1226030946698719,0.2099802412520016,0.4901467832849966,-1.1336635681555984
ced289ac7bab277ba4b761de,AD2,can,evaluation,52.37941360473633,-0.0348436683416366,-0.0196286290884017,-0.0141261667013168,-0.0141261667013168,1,0,0.0079052749788388,0.0226228348910808,3,2.165455512228306,-0.153582588093466,-1.5166461283932244,-0.518042456114716,-2.641913035584897,0.823706528056795,-0.2382287616782956,1.897105715394004,0.14551039417647593
d5b9ddace3446ed3745f06e4,AD2,can,evaluation,43.07112884521485,-0.0347733348608017,-0.0100897550582885,-0.0219855457544326,-0.0219855457544326,1,0,0.0079052749788388,0.0228856690227985,3,1.1168101871177205,-0.1434256641915848,-0.1484175056716448,-1.6716869715791858,-4.770485374169288,-0.2774383922307327,-1.826837593525784,0.8379604712480299,-0.935084343244549
db72c1065e87ef3a49e7f7d5,AD2,can,evaluation,49.71698760986328,-0.0352174639701843,-0.0135445147752761,-0.0090585500001907,0.0027257055044174,3,0,0.0079052749788388,0.0255523691885173,7,1.8655140466300784,-0.2075627652287814,-0.643958291144398,0.2258112471129632,1.92211534223768,1.0456626468715209,1.8938146944338792,1.7015437666783668,0.03324741216654492
dcf39e5c945db491afc00749,AD2,can,evaluation,38.859771728515625,-0.0311632603406906,-0.0063524693250656,0.0003271698951721,0.0003271698951721,3,0,0.0079052749788388,0.0258147339336574,7,0.6423704737988447,0.3779085815416657,0.3876479980075108,1.6035007831175216,1.2725148437192697,1.1229356284581833,0.9574426587590572,0.7384835047307124,-0.7280202776364
dfead4c24a175afa200bb715,AD2,can,evaluation,41.20807647705078,-0.0328260362148284,-0.014562040567398,-0.0140563249588012,-0.0053403675556182,3,0,0.0079195542493835,0.0268649258650839,7,0.9069239184028508,0.1377855587791207,-0.789909260697362,-0.5077906865208295,-0.2624363736877695,0.1995666159410106,0.3222437723575406,0.7654524579104828,-0.8957192380377874
e06a3147c25dbebc515810bc,AD2,can,evaluation,29.58194923400879,-0.0333567112684249,-0.0219955891370773,-0.0227190852165222,-0.0227190852165222,1,0,0.0079195542493835,0.0234310161322355,3,-0.4028430577401904,0.0611502768050331,-1.8561560618730664,-1.7793600805611047,-4.969151426246882,-1.0911015691506476,-2.6859972419935363,-0.5404947600222818,-2.214353311862427
e0810943c077f568b543b591,AD2,can,evaluation,54.73142623901367,-0.0428364872932434,-0.0132593810558319,-0.0107766985893249,-0.0107766985893249,2,0,0.0079195542493835,0.0238449317403137,5,2.430426676868822,-1.3078330658066288,-0.603059531498854,-0.0263884092736173,-1.7347694655938448,1.2020191337976025,0.3478286056374886,2.184745168254578,0.4552393992183048
e4d4526d0bdcc6f21e85fb0c,AD2,can,evaluation,44.49478912353516,-0.030992105603218,-0.0099398046731948,-0.007720723748207,-0.007720723748207,1,0,0.0079195542493835,0.0226024077273905,3,1.2771957719999536,0.4026251976300146,-0.1269090542311897,0.4221850201317677,-0.9071133021422992,0.8496903960658606,0.1850412349288272,1.191694696813135,-0.4183759389418944
e83d009e53fd3b2d718692cd,AD2,can,evaluation,38.77329635620117,-0.0324392318725585,-0.0040165036916732,-0.0073254257440567,-0.0001444518566131,2,0,0.0079652547137811,0.0247399806976318,5,0.6326284002313176,0.1936443364581527,0.7227121818107012,0.48020911737662,1.1447845219800643,0.5564187588039688,0.8887064611056911,0.6173864719458478,-0.9419776913003322
e8c9d82aa15877cabf4b76e8,AD2,can,evaluation,38.96381759643555,-0.0259286016225814,-0.0132367014884948,-0.012352243065834,0.011301189661026,3,0,0.0079652547137811,0.0259965220466256,7,0.6540919902554285,1.1338505542831132,-0.5998064396681502,-0.2576558200844577,4.24463194849414,0.1982180850854854,2.449361969374785,0.5629172092214398,-1.0594278496874252
e9b967cc999ade292f26b0e7,AD2,can,evaluation,43.04362106323242,-0.0310878157615661,-0.0100745558738708,-0.0094211250543594,-0.0030906945466995,3,0,0.0079652547137811,0.0258285910822451,7,1.1137112373406928,0.3888036039389589,-0.1462373784263637,0.172590411235334,0.3468473502911571,0.6431508242880134,0.7302792938159249,1.0195991547301568,-0.5996238436033634
eb87d101b67966b029d96aa0,AD2,can,evaluation,37.56221008300781,-0.0270781964063644,-0.0119537413120269,-0.0217006355524063,-0.0082924664020538,2,0,0.0079652547137811,0.0235787238925695,5,0.4961908081829298,0.9678364938631288,-0.4157823263698988,-1.629866225977498,-1.061959580651353,-0.566837708897284,-0.2828843862342117,0.28358510476688703,-1.4418071195579256
eb9f9069020db4a0af5a4438,AD2,can,evaluation,46.78351211547852,-0.0318611413240432,-0.0062511414289474,-0.0083270370960235,-0.0026380717754364,3,0,0.0078991890186443,0.0256552579812705,7,1.5350369025604993,0.2771269345033814,0.4021821796427184,0.3331868863562928,0.4694321377422901,0.934111894458396,1.0022345201513947,1.4148519009400788,-0.2209815501189485
ecf21c008b5a0074854309be,AD2,can,evaluation,41.4112663269043,-0.0373354256153106,-0.0052531659603118,-0.0057610571384429,-0.0057563334703445,3,0,0.0078991890186443,0.0262550967745482,7,0.9298147185517028,-0.513419591896149,0.5453289070919483,0.7098360700702393,-0.3750933067477984,0.819825394310971,0.2773607059019521,0.9078168537035565,-0.6535735275351007
eddb6aa0aba9ea070782217a,AD2,can,evaluation,41.5780029296875,-0.0239947289228439,-0.0183046013116836,-0.0156638175249099,-0.0043427497148513,3,0,0.0078991890186443,0.0268132812343537,7,0.9485987978477916,1.4131229237717011,-1.3267313967734091,-0.7437476202694323,0.0077505871374452,0.1024255887891796,0.4781746924926184,0.7793641560360691,-0.9044252974943294
ede193a8dfb61b6752f7ceaa,AD2,can,evaluation,36.019405364990234,-0.0336875617504119,-0.0128028690814971,-0.0121033638715744,-0.0121033638715744,1,0,0.0078991890186443,0.0228578811511397,3,0.3223827439793956,0.0133718485437053,-0.5375787684729391,-0.2211239114526904,-2.094073044575304,0.0506294162633526,-0.8858451502979541,0.26803207843618704,-1.3276626321877427
eed3393d4016e518fcd5f31b,AD2,can,evaluation,41.096805572509766,-0.0310826450586318,-0.015718400478363,-0.0222406536340713,-0.0075391978025436,2,0,0.0079147685319185,0.0232306947000324,5,0.8943884495294468,0.3895503099969997,-0.9557741964702128,-1.7091331622016177,-0.8579502443404982,-0.4073723563360853,0.0182191025944743,0.6340362883563404,-1.1262974703046997
ef87b1261ebe21ca8c9ed62f,AD2,can,evaluation,37.58305740356445,-0.0223522633314132,-0.0092540681362152,-0.0177521705627441,-0.0066815763711929,3,0,0.0079147685319185,0.0259101539850235,7,0.4985394090054864,1.6503129195685124,-0.0285489800149218,-1.0502879986083316,-0.6256788087203333,-0.2758742948014225,-0.0635696998574234,0.34365666824410457,-1.3336323381322415
f19383fa90173683fb7a72b4,AD2,can,evaluation,42.92904281616211,-0.0295200794935226,0.0001538544893264,-0.002599686384201,0.000194177031517,3,0,0.0079147685319185,0.0258029256947338,7,1.1008031725087972,0.6152018680900212,1.320896350322804,1.1738801131597634,1.236496103702764,1.1373416428342802,1.1686496381057805,1.108110866573894,-0.4268007132471965
f1eabf9bbecf9484f755da46,AD2,can,evaluation,55.54653549194336,-0.033867597579956,-0.0215981006622314,-0.015850618481636,-0.0141821652650833,2,0,0.0079147685319185,0.0238431431353092,5,2.522254605388602,-0.0126272943763217,-1.79914145964966,-0.7711673308794093,-2.657079245666917,0.8755436372545964,-0.0674123201391576,2.1929124117618013,0.3948420774610377
f284bb3d5a6859521fe2b51a,AD2,can,evaluation,45.29874038696289,-0.0235302001237869,0.0016258805990219,-0.0009046494960784,-0.0009046494960784,2,0,0.0079598424490541,0.0242199799977242,5,1.3677666726320892,1.4802059631185749,1.532039536648631,1.4226873021599309,0.9388985790465006,1.39522698739601,1.1533326258392949,1.3732587355848733,-0.15993066917695553
f4357e895474f6fa646edf09,AD2,can,evaluation,46.40120315551758,-0.0216214209794998,-0.0133462995290756,-0.0104336887598037,0.0025339126586914,3,0,0.0079598424490541,0.0257778950035572,7,1.491967044475116,1.7558545487404749,-0.6155268670103491,0.0239605312601302,1.8701716780637367,0.7579637878676231,1.6810693612694263,1.3451663931536175,-0.31335579359413335
f8f4c61857afd6aa1989774e,AD2,can,evaluation,39.33294677734375,-0.0293632894754409,-0.0113796293735504,-0.0152274370193481,-0.0073437690734863,2,0,0.0079598424490541,0.0236650058068335,5,0.6956770512974573,0.6378440615848503,-0.3334333631285339,-0.6796931989856755,-0.8050218661537786,0.0079919261558908,-0.0546724074281606,0.5581400262691439,-1.1023141704506139
fcbd9dba4365c6c59993a49e,AD2,can,evaluation,41.4871826171875,-0.0326828062534332,-0.0075943768024444,-0.0056772679090499,-0.0008330792188644,2,0,0.0079598424490541,0.0243328372016549,5,0.93836723547205,0.1584695317759177,0.2095123656511707,0.7221351313944178,0.9582821093881564,0.830251183433234,0.9483246724301032,0.9167440250642869,-0.6442307080796668
fced83403a14e648abc0ad25,AD2,can,evaluation,40.51986312866211,-0.0312279462814331,-0.0038654059171676,-0.0059134513139724,-0.0027946680784225,3,0,0.0079563849139958,0.0250396863557398,7,0.8293917275523011,0.368567224198855,0.7443852114843784,0.6874667831838135,0.4270208280690734,0.7584292553680573,0.6282062778106873,0.8151992331154523,-0.7409070687046508
fd87646c9e2c8424bb7055f3,AD2,can,evaluation,36.163177490234375,-0.0374210923910141,-0.0018981397151947,-0.0026399791240692,-0.0026399791240692,3,0,0.0079563849139958,0.0255859149619936,7,0.3385797094691183,-0.5257908112842666,1.026564210552283,1.1679657148278093,0.4689155664568993,0.7532727121484638,0.4037476379630088,0.4215183100049874,-1.059638342201941
fe0d3929f9ffb2838fa8e679,AD2,can,evaluation,42.4410400390625,-0.0461490452289581,-0.0088125318288803,-0.0142767280340194,-0.0142767280340194,1,0,0.0079563849139958,0.0220933253876864,3,1.04582614461727,-1.7862026626786591,0.0347837164604955,-0.5401427078699176,-2.682689881425432,0.2528417183736762,-0.818431868404081,0.8872292593685513,-0.7865225691269404
ff710de84cf0dd195d9e30c0,AD2,can,evaluation,41.9829216003418,-0.0413226038217544,-0.0038610696792602,0.0043308585882186,0.0043308585882186,3,0,0.0079563849139958,0.0260071880184113,7,0.9942158026990108,-1.0892117344906085,0.7450071889631793,2.191185060863249,2.3568423645993604,1.59270043178113,1.6755290836491856,1.1139127285154347,-0.32868643335181913
0031dde72d1eee7f5ca22975,AD2,fabric,evaluation,38.795501708984375,-0.0032722055912017,-0.0027906447649002,0.000329703092575,0.000329703092575,3,0,0.0074923745123669,0.0485406559891998,7,0.9789334584321632,-0.3842393168938187,-0.3365362425625187,1.593685570265869,1.8270479451179271,1.2863095143490162,1.4029907017750451,1.040408669615534,-0.450865793002593
00bb1db82372bf2a5eff36a6,AD2,fabric,evaluation,39.86969375610352,-0.0040730535984039,-6.332993507385254e-06,-0.0007011890411376,-0.0007011890411376,3,0,0.0075392647413536,0.0452058878727257,7,1.5115866481591869,-0.9813178413586712,1.309472447731221,1.0463491435631944,1.0086782837399686,1.2789678958611908,1.2601324659495776,1.4650628976995876,-0.10970563767352037
0478093d112e684bd4fecdc1,AD2,fabric,evaluation,46.28065872192383,-0.0016160309314727,-0.0028118193149566,-0.0043028593063354,-0.0021702647209167,2,0,0.0075392647413536,0.0471718180924654,5,4.690553526037816,0.8505347141258593,-0.3490540553175729,-0.8659026514086657,-0.1575416604063434,1.9123254373145755,2.2665059328157366,4.134907908293168,2.174629487785933
0e7d7777928af444757a24db,AD2,fabric,evaluation,39.68190383911133,-0.0025555789470672,0.0016864240169525,0.0012632012367248,0.0012632012367248,3,0,0.0075392647413536,0.0460378876887261,7,1.4184683844811767,0.1500473085632312,2.310183926381054,2.0893121463581434,2.568101771354283,1.7538902654196602,1.9932850779177296,1.4855527606688734,0.004274985561718125
11b21f38e5c88aa2683ec9f9,AD2,fabric,evaluation,42.45981216430664,-0.0053209066390991,-0.0042134225368499,-0.0007345378398895,-0.0007345378398895,3,0,0.0075392647413536,0.0467214197851717,7,2.7959331815375497,-1.9116644809042147,-1.1776434062960437,1.0286431084245662,0.9822044711562928,1.912288144981058,1.889068826346921,2.619204174226251,0.9515539310676463
1531ad73a6847eead72eb63a,AD2,fabric,evaluation,41.023170471191406,-0.0021213889122009,-0.001202642917633,-0.0009028017520904,-0.0009028017520904,2,0,0.007479372434318,0.0456194677390158,5,2.083554252290285,0.4737611007234142,0.6022468591217746,0.9393059552586184,0.8486288269673432,1.5114301037744515,1.466091539628814,1.9691294225871183,0.3447387749672861
15490aeeaad6ce0939f4d64f,AD2,fabric,evaluation,38.26274871826172,-0.0047845244407653,-0.0040092468261718,-0.0031510293483734,0.0004191696643829,3,0,0.007479372434318,0.0484517398290336,7,0.7147604173022465,-1.511760518291889,-1.0569403307367515,-0.2543561348109477,1.8980706308875384,0.2302021412456494,1.3064155240948925,0.6178487620909271,-1.0085392586560937
15f6b01be691acada0b2b91d,AD2,fabric,evaluation,38.66767120361328,-0.0031373500823974,-0.0071616172790527,-0.0028306543827056,-0.0028306543827056,3,0,0.007479372434318,0.0466250493191182,7,0.9155469098043474,-0.2836967326721955,-2.920535210368873,-0.0842579420135798,-0.6817893932407275,0.4156444838953838,0.1168787582818099,0.8155664246225547,-0.810944902952941
1739ccf49255cf7b7e69063f,AD2,fabric,evaluation,38.557716369628906,-0.0026997625827789,-0.0033371746540069,-0.0010976493358612,-0.0010976493358612,3,0,0.007479372434318,0.0461205029860138,7,0.8610242635003138,0.0425500660297035,-0.6596297108363584,0.8358546078624145,0.693949839771567,0.8484394356813642,0.7774870516359405,0.8585072979365238,-0.6874917642150624
1744eeec19def5a1d33baf2c,AD2,fabric,evaluation,36.6244010925293,-0.0069550275802612,-0.0022228360176086,-0.0009596645832061,-0.0009596645832061,3,0,0.0074714322108775,0.0456855930387973,7,-0.0976372271119657,-3.129996188758368,-0.000863297431383,0.9091155039230484,0.8034884923742657,0.4057391384055412,0.3529256326311499,0.0030380459915357177,-1.468631435921107
1952c328fd83d43a981f3c49,AD2,fabric,evaluation,37.921669006347656,-0.0048708915710449,0.0018014013767242,0.0007190704345703,0.0007556527853012,3,0,0.0074714322108775,0.04823629418388,7,0.5456312592625486,-1.576152210904986,2.3781553853662745,1.8004142110935537,2.165186431581009,1.1730227351780511,1.3554088454217788,0.6711095544456491,-0.7721092883553466
1b050253fa5aeeca382e0502,AD2,fabric,evaluation,40.97426223754883,-0.0031484365463256,0.0006744265556335,6.002187728881836e-05,6.002187728881836e-05,3,0,0.0074714322108775,0.0470336591824889,7,2.0593024188090183,-0.2919623329662162,1.711918806432597,1.4505024496497405,1.6129625741888085,1.7549024342293793,1.8361324964989127,1.9984224218930906,0.41833295176243324
1bb7621fd636ef9a08f5d982,AD2,fabric,evaluation,45.94554901123047,-0.0011576414108276,-0.0025587081909179,-0.0045862793922424,-0.0018614828586578,2,0,0.0074714322108775,0.0456423899158835,5,4.524384676819442,1.1922906230568615,-0.1994217066494855,-1.0163802154554535,0.0875836051695875,1.7540022306819942,2.3059841409945148,3.970308187591953,2.0093234439052923
1ced01c868f6eb6b91f9fcf1,AD2,fabric,evaluation,40.2486572265625,-0.0060541927814483,-0.0031925439834594,-0.0020388960838317,-0.0012562721967697,3,0,0.0074674357892945,0.0459936060942709,7,1.6995009991091454,-2.458371726157925,-0.5741280284995836,0.3361140289675988,0.568027706191035,1.0178075140383722,1.1337643526500902,1.5631623020949907,-0.08413228498506786
1e610c90f883d3b4a0159880,AD2,fabric,evaluation,36.859561920166016,-0.0065875351428985,-0.0005847811698913,-0.0004072040319442,-0.0004072040319442,3,0,0.0074674357892945,0.045068813022226,7,0.0189705668811807,-2.856009314496084,0.9675097641714376,1.2024359922003698,1.2420571257700594,0.6107032795407753,0.6305138463256201,0.1373171094130996,-1.318222063597108
1fb24011952d6cd243bec297,AD2,fabric,evaluation,40.15708160400391,-0.0023556053638458,-0.0023100674152374,0.00035160779953,0.00035160779953,3,0,0.0074674357892945,0.0475695850327611,7,1.6540919425182965,0.2991391848344116,-0.0524321052203259,1.6053155397268983,1.844436910487902,1.6297037411225974,1.7492644265030992,1.6492143022391568,0.1108573574130467
204f9ba069f9456fd001c2a6,AD2,fabric,evaluation,40.1440315246582,-0.0057577192783355,-0.002086192369461,-0.0047185719013214,0.0006032586097717,3,0,0.0074674357892945,0.0459621637128293,7,1.6476208776762864,-2.2373335763597573,0.0799166765051741,-1.08661890176499,2.0442089153641843,0.2805009879556482,1.8459148965202357,1.3741968997321587,-0.38789816640180197
21e3d4daa083cd2117f2a8c7,AD2,fabric,evaluation,45.37398910522461,-0.0039981305599212,-0.0087030231952667,-0.0053437054157257,-0.0042922496795654,3,0,0.0074821132002398,0.0461756447330117,7,4.240968682565359,-0.925458381307144,-3.831772076666077,-1.4185239894038353,-1.842071064859334,1.411222346580762,1.1994488088530129,3.67501941536844,1.7007127328877576
2438a28329f8313b4bff37a0,AD2,fabric,evaluation,38.65874481201172,0.000462532043457,-0.0037672817707061,-0.0035873055458068,-6.629526615142822e-05,3,0,0.0074821132002398,0.0451141051016747,7,0.9111206333558516,2.400223672476601,-0.9138972318510572,-0.4859903156817075,1.5126862072219536,0.2125651588370721,1.2119034202889027,0.7714095384520956,-0.8882451868295971
244c42265db59f2b8251a7af,AD2,fabric,evaluation,43.64692306518555,-0.00361168384552,-0.0033448040485382,-7.212162017822266e-05,-7.212162017822266e-05,3,0,0.0074821132002398,0.0477896686643362,7,3.3845787683380437,-0.6373399968647601,-0.6641399994574616,1.3803428787787144,1.508060979018103,2.382460823558379,2.446319873678073,3.184155179382111,1.5039024124761025
262c2ed1e8d26d98d5100e41,AD2,fabric,evaluation,41.38509750366211,-0.0042053461074829,-0.0043201446533203,-0.000453382730484,-0.000453382730484,3,0,0.0074821132002398,0.046545036137104,7,2.263020846565465,-1.0799495609961929,-1.2407345920467112,1.1779181178059956,1.2053983477553982,1.7204694821857305,1.7342095971604317,2.1545105736895183,0.5372201673259154
2739f72bb2d396d2346b6fa3,AD2,fabric,evaluation,36.957611083984375,-0.005265474319458,-0.0010467171669006,-0.00284044444561,0.000165119767189,3,0,0.0074695189250633,0.0453608343377709,7,0.0675896196827549,-1.870336479434111,0.6944258828155733,-0.0894558263237134,1.696394120280259,-0.0109331033204792,0.881991869981507,0.051885075082108066,-1.5147099658243577
281d3c460b02609fe139e0ae,AD2,fabric,evaluation,39.79354095458984,-0.0050695240497589,-0.0031191855669021,-0.0043777227401733,-0.0037955343723297,3,0,0.0074695189250633,0.0455928700976073,7,1.4738252136543497,-1.7242442161728575,-0.5307605463087798,-0.9056502477162924,-1.4477555739459045,0.2840874829690286,0.0130348198542226,1.2358776675172856,-0.49877631069950135
29e4a73bc5cd5e2eed66dc87,AD2,fabric,evaluation,39.1920166015625,-0.0022085309028625,0.0010180175304412,0.000785082578659,0.000785082578659,2,0,0.0074695189250633,0.0444570989347994,5,1.175550928159698,0.4087917048639609,1.9150403592165812,1.8354623503536625,2.188549157163118,1.5055066392566805,1.682050042661408,1.2415420703790945,-0.24358921404420064
2bb15d874c99143e84d114d1,AD2,fabric,evaluation,41.08790969848633,-0.0043394863605499,-0.0052379667758941,-0.0049035847187042,-0.0029507577419281,3,0,0.0074695189250633,0.046259535010904,7,2.115656105968669,-1.179958880682718,-1.783325836828424,-1.184848630219507,-0.777132972072018,0.465403737874581,0.6692615669483255,1.7856056323498515,-0.017980637812170297
2e61329bea0cfdeeb4d16959,AD2,fabric,evaluation,39.25519943237305,-0.0045264065265655,-0.0039073824882507,-0.0034861862659454,-0.0034861862659454,3,0,0.0074895145371556,0.0459747831337153,7,1.2068810208162937,-1.3193186791883578,-0.9967209303190518,-0.4323025791085476,-1.2021807977005456,0.3872892208538731,0.002350111557874,1.0429626608238096,-0.6332699557600487
2f1a9de497f4a963739d2acc,AD2,fabric,evaluation,37.90851211547852,-0.0023671388626098,-0.0084837675094604,-0.0066915899515151,-0.0008800327777862,3,0,0.0074895145371556,0.0485057178884744,7,0.5391072304288471,0.2905402942059546,-3.702154133754135,-2.134162688449692,0.8667038875696027,-0.7975277290104221,0.7029055589992249,0.2717802385409932,-1.498666852196786
2fd5c47facfd66bd288d1a04,AD2,fabric,evaluation,40.31511688232422,-0.0026322305202484,0.0004414916038513,0.0003981292247772,0.0003981292247772,2,0,0.0074895145371556,0.0437571238726377,5,1.7324559513679878,0.0928991258852169,1.5742140569695366,1.6300153796298462,1.8813677607498485,1.681235665498917,1.806911856058918,1.7222118941941735,0.18033491052473205
30d2bbeb86e167ad981580ee,AD2,fabric,evaluation,40.31027603149414,-0.0055611431598663,-0.0057384371757507,-0.0063957870006561,-0.003461480140686,3,0,0.0074895145371556,0.0465369871817529,7,1.7300555476016883,-2.090774706630293,-2.079190199383845,-1.9771106314626887,-1.1825679374397169,-0.1235275419305004,0.2737438050809857,1.3593389296952507,-0.4827879230202583
35c3a4f64e8bcbd74e9534ad,AD2,fabric,evaluation,36.92045593261719,-0.0013683140277862,-0.0026510059833526,-0.0019702613353729,-0.0019702613353729,3,0,0.0074717215029522,0.0479435180313885,7,0.0491657168586747,1.0352219981148387,-0.2539856279758798,0.3725545999454907,0.0012302397268553,0.2108601584020827,0.025197978292765,0.0815046051673563,-1.445300510849385
378fea6f08e67259a489d5ff,AD2,fabric,evaluation,38.92576217651367,-0.0044182837009429,-0.0036463737487792,-0.0036168992519378,5.8263540267944336e-05,3,0,0.0074717215029522,0.0467037949711084,7,1.0435249378709586,-1.238706856966027,-0.8424197281955255,-0.5017026417698737,1.6115667252679533,0.2709111480505424,1.327545831569456,0.8890021799068754,-0.7813843776386205
3c00cff33b2354bb35fd37d1,AD2,fabric,evaluation,36.89972305297852,-0.0065132081508636,-0.0034701526165008,-0.0015645027160644,-0.0015645027160644,3,0,0.0074717215029522,0.0462177698500454,7,0.0388850277571474,-2.800594241557138,-0.7382426320369949,0.5879859390093198,0.3233401220563892,0.3134354833832336,0.1811125749067683,0.09379511888236465,-1.41433604788782
3f6648e13bf33344f7395e22,AD2,fabric,evaluation,39.91848373413086,-0.0043219923973083,-0.0034474581480026,-0.0043697655200958,4.678964614868164e-05,3,0,0.0074717215029522,0.0461504790000617,7,1.535779842935366,-1.1669161189284434,-0.7248262852207051,-0.9014254832998372,1.6024582195979664,0.3171771798177644,1.5691190312666663,1.2920593103118456,-0.4466521233398515
3fbde92a7b715fb786003146,AD2,fabric,evaluation,37.8891487121582,-0.0045444667339324,-0.004140555858612,-0.0047741532325744,-0.0030130445957183,3,0,0.0074678072705864,0.0466561452485621,7,0.5295056153636489,-1.3327836086995852,-1.1345666263015215,-1.1161289603293705,-0.8265791457090894,-0.2933116724828608,-0.1485367651727202,0.36494215779434697,-1.3200343028819308
40c25108db854bba625927ea,AD2,fabric,evaluation,38.0136833190918,-0.0029512345790863,-0.0013643205165863,0.0006626844406127,0.0006626844406127,3,0,0.0074678072705864,0.0489837541244924,7,0.5912578465335587,-0.1449368567685409,0.5066675006472221,1.7704769291612168,2.0913838771978304,1.1808673878473877,1.3413208618656944,0.7091797547963246,-0.7397796728151813
40db1e4c94b5727e8f873b09,AD2,fabric,evaluation,37.64531707763672,-0.0029760301113128,-0.0044994950294494,-0.0026076436042785,-0.0026076436042785,3,0,0.0074678072705864,0.0446712980046868,7,0.4085982801878398,-0.1634233606519422,-1.3467616112724912,0.0341462232610902,-0.5047531648549838,0.221372251724465,-0.048077442333572,0.3711530744951648,-1.2094173441172384
41f2c190161c48e4931f6e44,AD2,fabric,evaluation,39.48518371582031,-0.003207117319107,-0.0015210509300231,-0.0038616955280303,-0.0038616955280303,3,0,0.0074678072705864,0.046561449766159,7,1.320921952783539,-0.3357122441998905,0.4140127824504163,-0.6316734841547648,-1.5002773469001145,0.3446242343143871,-0.0896776970582876,1.1256624090897087,-0.575291183603579
449d9bfd4f268ae3ad80fcd8,AD2,fabric,evaluation,39.959266662597656,-0.0025351047515869,-0.0024953186511993,-0.0022389292716979,-0.0022389292716979,3,0,0.0074740496929734,0.0468673976138234,7,1.556002629905822,0.1653120058804146,-0.1619475508014905,0.229909464311233,-0.2120507436885502,0.8929560471085275,0.671975943108636,1.4233933133463632,-0.22253376526990243
450c2a0fc5841f7f1145822b,AD2,fabric,evaluation,40.733699798583984,-0.0022026598453521,-0.0028036832809448,-0.0033252537250518,-0.0033252537250518,3,0,0.0074740496929734,0.0477201230823993,7,1.9400161600931924,0.4131689179228913,-0.3442442553427245,-0.3468579055173116,-1.0744251337578734,0.7965791272879403,0.4327955131676595,1.711328753532142,-0.009964866340429701
4684ef55008d9a2ed1bb69e2,AD2,fabric,evaluation,40.68637466430664,-0.0019670724868774,-0.0077058970928192,-0.003589928150177,-0.0034444332122802,3,0,0.0074740496929734,0.0478798267431557,7,1.9165493286316384,0.5888129241708319,-3.242298495865786,-0.4873827473994906,-1.169035300444308,0.7145832906160738,0.3737570140936651,1.6761561210285256,-0.055171021239065476
48b10a74037e65088592d0ec,AD2,fabric,evaluation,38.99308395385742,-0.0042701959609985,-0.0034551918506622,-0.0041732192039489,-0.0008432418107986,3,0,0.0074740496929734,0.0461796610616147,7,1.0769073852055957,-1.1282988788450885,-0.7293982379440501,-0.7970722199046146,0.8959102518542748,0.1399175826504905,0.9864088185299352,0.8895094246945747,-0.8078529194361974
4d0e03c073f1099009b7fa02,AD2,fabric,evaluation,38.18972396850586,-0.0048748254776,-0.0023624300956726,-0.0028668642044067,-0.0026365965604782,3,0,0.0074799464782699,0.0470130550675094,7,0.6785500711255148,-1.5790851658480256,-0.0833874845456325,-0.1034829935716079,-0.5277373551365219,0.2875335387769534,0.0754063579944964,0.6003467646558026,-1.0108986421633719
4df70e325038d05d10233364,AD2,fabric,evaluation,40.22134399414063,-0.0053973197937011,-0.0018841326236724,-0.0043050646781921,-0.000731885433197,3,0,0.0074799464782699,0.0457539889030158,7,1.6859573498052014,-1.9686349087371964,0.199368851704707,-0.8670735598986198,0.9843100737657182,0.4094418949532908,1.3351337117854598,1.4306542588348194,-0.315884309542666
4fb26de6fad4c56659ebd28f,AD2,fabric,evaluation,38.08175659179688,-0.0015619993209838,-0.010065346956253,-0.0050731599330902,-0.0009253323078155,3,0,0.0074799464782699,0.0471735200844705,7,0.6250129333811676,0.8908184058813959,-4.637140488571835,-1.2748819992443463,0.8307430340153691,-0.3249345329315893,0.7278779836982683,0.43502344011861627,-1.2699720850723248
4fc66204ba5f1458cc72fddb,AD2,fabric,evaluation,40.050254821777344,-0.0027630031108856,-0.0025844722986221,-0.0024698823690414,-0.0024698823690414,3,0,0.0074799464782699,0.0477991290390491,7,1.6011203845423685,-0.0045994066152212,-0.2146527399031723,0.1072884461639583,-0.3953919506744277,0.8542044153531634,0.6028642169339703,1.4517371907045276,-0.20761345527868613
535113af4c136abbbbfb9a07,AD2,fabric,evaluation,39.309871673583984,-0.0027356743812561,-0.0010844320058822,-7.739663124084473e-05,-7.739663124084473e-05,3,0,0.0074642560211941,0.0460819066502153,7,1.2339910182777636,0.0157757424966524,0.6721299052764864,1.377542192255446,1.5038734322555376,1.3057666052666048,1.3689322252666507,1.2483461356755319,-0.27908236980994205
53cf73055de0ead5dc99f265,AD2,fabric,evaluation,40.02672576904297,-0.0044067203998565,-0.0047450214624404,-0.0032619535923004,-0.0032619535923004,3,0,0.0074642560211941,0.0475031780079007,7,1.5894531738012054,-1.2300857469819404,-1.4919100987918643,-0.3132496672380921,-1.024174572607089,0.6381017532815566,0.2826393005970582,1.3991828896972758,-0.2943620584418314
54f6260d7a39227b69805575,AD2,fabric,evaluation,39.514793395996094,-0.0040771067142486,-0.0027985870838165,-0.0019227862358093,-0.0016334056854248,3,0,0.0074642560211941,0.0479164328426122,7,1.335604327908848,-0.9843396737242271,-0.3412315234903469,0.3977607786549053,0.2686417711238969,0.8666825532818767,0.8021230495163725,1.2418199729834538,-0.3744417859705951
555f14d19b51b476ae562dd7,AD2,fabric,evaluation,41.07295227050781,-0.0022036135196685,-0.0025299191474914,-0.0035136044025421,-0.0030669867992401,3,0,0.0074642560211941,0.0488778590224683,7,2.108239255560741,0.4124578985427604,-0.182402414430791,-0.4468598197944619,-0.8694009515861703,0.8306897178831396,0.6194191519872855,1.852729348025221,0.11113458264514531
56c608d47a592e2c71b6e869,AD2,fabric,evaluation,37.29075241088867,-0.0002015531063079,-0.0034576058387756,-0.0033826529979705,-0.0032435059547424,3,0,0.0074746407335624,0.0450392207130789,7,0.2327824181971025,1.9051097709936335,-0.7308253214530711,-0.3773331724315191,-1.0095299881662532,-0.0722753771172083,-0.3883737849845753,0.17177085913424034,-1.4305569294645477
5790a4418d2c178fed84d718,AD2,fabric,evaluation,41.94573974609375,-0.0014936923980712,-0.0038912743330001,-0.0023700594902038,-0.0023700594902038,3,0,0.0074746407335624,0.0492686140350997,7,2.541023164240233,0.9417451689832655,-0.987198231101449,0.1602878784220777,-0.3161479513455424,1.350655521331155,1.1124376064473451,2.302949635658418,0.5811201025396107
57ca129a7fcce0066e76836f,AD2,fabric,evaluation,36.61489868164063,-0.0010856091976165,-0.0033847689628601,-0.0005770027637481,-0.0005770027637481,3,0,0.0074746407335624,0.0462647448293864,7,-0.1023491308013686,1.2459948056123675,-0.6877661597734754,1.1122839500177648,1.1072630710823974,0.5049674096081981,0.5024569701405144,0.019114177280544736,-1.43529900550392
5c185d287c03b7f54d26db4e,AD2,fabric,evaluation,40.38019561767578,-0.0028026103973388,0.0017793178558349,0.0005345940589904,0.0005345940589904,3,0,0.0074746407335624,0.0472197281196713,7,1.7647261548771056,-0.0341289302462791,2.365100214005972,1.702469298217674,1.9896998320819772,1.73359772654739,1.8772129934795412,1.7585004692111625,0.22036116138415784
5c6326fe1fb5c23bdbb07c4c,AD2,fabric,evaluation,37.695682525634766,-0.0032908022403717,0.0001562386751174,0.001434713602066,0.001434713602066,3,0,0.0074694380164146,0.049713160842657,7,0.4335726938414671,-0.3981041948063696,1.405580355653559,2.180374016083618,2.704256187278372,1.3069733549625426,1.5689144405599196,0.6082528260656823,-0.7953457184075727
5cef5c276da636b6679838a1,AD2,fabric,evaluation,44.4953498840332,-0.0016486048698425,-0.0071893036365509,-0.0035170912742614,-0.0005206763744354,3,0,0.0074694380164146,0.0468787876889109,7,3.805283103769632,0.8262489584232662,-2.936902624935299,-0.4487111210556053,1.1519775534623329,1.6782859913570132,2.4786303286159823,3.3798836812871085,1.5173559711252422
5d3fa5f76f1ecf8f24daf703,AD2,fabric,evaluation,39.750282287597656,-0.0022614300251007,-0.0005116462707519,-0.0001938045024871,-0.0001938045024871,2,0,0.0074694380164146,0.0445863590575754,5,1.4523747970193324,0.3693523486223297,1.010745109000295,1.3157372116911188,1.4114635020036714,1.3840560043552257,1.431919149511502,1.4387110384865112,-0.10940730820280553
5dc087bc320f17b4ae5b692c,AD2,fabric,evaluation,38.83406066894531,-0.0031737089157104,-0.0029965639114379,-0.0036879479885101,-0.0007268190383911,3,0,0.0074694380164146,0.0472833411768078,7,0.998053459432759,-0.3108043465396828,-0.4582699895449924,-0.5394248828516341,0.9883320113342838,0.2293142882905624,0.9931927353835216,0.8443056252043197,-0.8259864328257271
6016f4d344873a651c081251,AD2,fabric,evaluation,41.11411666870117,-0.0063876509666442,-0.0009216517210006,-0.0032919347286224,9.804964065551758e-05,3,0,0.0075491674942895,0.0492015029303729,7,2.1286511996443807,-2.7069840962917904,0.7683611414033078,-0.3291676934663854,1.6431507644093362,0.8997417530889976,1.8859009820268584,1.882869310333304,0.14962385353602348
61d9650065a6aad3d473c9e0,AD2,fabric,evaluation,41.80248260498047,-0.0063809156417846,-0.0005436837673187,-0.0011820793151855,-0.0011820793151855,3,0,0.0075491674942895,0.0482725370675325,7,2.469987101955273,-2.7019625219196164,0.9918054204546464,0.7910278004024198,0.6269254331142354,1.6305074511788464,1.5484562675347542,2.3020911717999875,0.6378486684817212
62729fcf64bdeb7209c61a09,AD2,fabric,evaluation,38.201393127441406,-0.005003422498703,-0.0032897293567657,-0.0027299523353576,-0.0021392405033111,3,0,0.0075491674942895,0.0476389680989086,7,0.6843363872178003,-1.6749616853875404,-0.6315813534738722,-0.0307917286682491,-0.1329132074129504,0.3267723292747756,0.2757115899024249,0.6128235756291954,-0.9927795273047639
63606e5d16b2d0abc8d531d3,AD2,fabric,evaluation,46.05015182495117,-0.001938909292221,-0.0022315382957458,-0.0038359761238098,-0.0005343258380889,3,0,0.0075491674942895,0.048182207159698,7,4.5762534488255096,0.60981021524032,-0.006007845389829,-0.6180181594678691,1.1411419804834912,1.97911764467882,2.8586977146545003,4.056826287996172,2.1253277574291056
6630e3a848263055a64177a4,AD2,fabric,evaluation,40.138221740722656,-0.002789556980133,0.0011944472789764,0.0013918876647949,0.0013918876647949,3,0,0.0074883261695504,0.0461392328143119,7,1.6447400148425009,-0.0243968524807386,2.019340783579595,2.157636239055728,2.6702589855958494,1.9011881269491144,2.157499500219175,1.6960296372638237,0.20433848560599044
6a076ed8ed5dd115b8ada2c0,AD2,fabric,evaluation,40.317527770996094,-0.0039598047733306,-0.0071262717247009,-0.0038064718246459,-0.0031856000423431,3,0,0.0074883261695504,0.0529444320127368,7,1.733651424323308,-0.896884289968137,-2.8996398888664183,-0.6023533026428092,-0.9635616076031768,0.5656490608402495,0.3850449083600656,1.5000509516266964,-0.2278346923125154
6c5772509191e8282e9d8129,AD2,fabric,evaluation,39.25485229492188,-0.0064846277236938,-0.0027436763048171,-0.0014243125915527,-0.0014243125915527,3,0,0.0074883261695504,0.0460841371677815,7,1.2067088878432966,-2.779285879508843,-0.3087697782388514,0.6624177435599076,0.4346295004242281,0.934563315701602,0.8206691941337623,1.1522797734149577,-0.43276644128730246
6cf22262e9e7c2a106e86f91,AD2,fabric,evaluation,39.7359504699707,-0.0026650726795196,3.802776336669922e-05,0.0007247328758239,0.0007247328758239,2,0,0.0074883261695504,0.044641078915447,5,1.4452681642770255,0.0684133959819619,1.3356973094988471,1.8034205977569489,2.140640783184616,1.624344381016987,1.7929544737308207,1.481083407625018,-0.02591228415990554
6cf6385a18344b7f37c32227,AD2,fabric,evaluation,42.62956619262695,-0.0049540102481842,-0.0049766898155212,-0.001261755824089,-0.001261755824089,3,0,0.0075105555588379,0.0466029681265354,7,2.8801080969042405,-1.6381219937545124,-1.628866069870562,0.748724775430907,0.5636745502344699,1.8144164361675736,1.7218913235693551,2.6669697647569075,0.9700156927989126
6cfafc426516ba96ae7e48de,AD2,fabric,evaluation,39.95891189575195,-0.0041061639785766,-0.0039248764514923,-0.004958838224411,-0.0018804669380187,3,0,0.0075105555588379,0.0461981799453496,7,1.5558267137905613,-1.006003545462588,-1.0070628811807223,-1.2141846348191647,0.0725131685156093,0.1708210394856982,0.8141699411530853,1.2788255789295888,-0.48736084364978227
6e3cdd8247ac553a6fbacf81,AD2,fabric,evaluation,39.49296951293945,-0.0041607022285461,-0.0032013207674026,-0.0032869279384613,-0.0014494657516479,3,0,0.0075105555588379,0.0458358600735664,7,1.3247826494636157,-1.046664966263819,-0.579316622245345,-0.3265094147324358,0.4146617633191141,0.4991366173655899,0.8697222063913649,1.1596534430440104,-0.5161592233591987
6f37b05bf8ab6977428ca5aa,AD2,fabric,evaluation,40.45477294921875,-0.00229012966156,-0.0012352168560028,-0.0025113224983215,-0.0025113224983215,3,0,0.0075105555588379,0.0446773939765989,7,1.8017063705044944,0.347955109151518,0.5829900409074545,0.0852864427142151,-0.4282890341396658,0.9434964066093549,0.6867086681824143,1.6300643777254664,-0.04539443463011672
758822d00ffeab86364f9fab,AD2,fabric,evaluation,41.06900787353516,-0.0054072141647338,-0.002801701426506,-0.0016922205686569,-0.0005408078432083,3,0,0.007481376058422,0.047681835014373,7,2.1062833710104227,-1.9760117348060533,-0.3430726374001332,0.5201760966620529,1.135996266241356,1.3132297338362378,1.6211398186258892,1.9476726435755858,0.28675699101159036
7594f7544d7668357cfd8f0b,AD2,fabric,evaluation,38.580352783203125,-0.0038314759731292,-0.0044045150279998,-0.0003549605607986,-0.0001666247844696,3,0,0.007481376058422,0.0467804563231766,7,0.872248846596627,-0.801207744629284,-1.2906120416027402,1.2301738649421172,1.4330400141362116,1.051211355769372,1.1526444303664194,0.908041348431176,-0.6059155560050709
76402a2517dd265c6cb6b037,AD2,fabric,evaluation,41.02809524536133,-0.0054804980754852,-0.0014591366052627,-0.0026274621486663,-0.0008817613124847,3,0,0.007481376058422,0.0479477383196353,7,2.0859962706214845,-2.0306491302979808,0.4506148317095652,0.0236238699392065,0.8653316971050333,1.0548100702803456,1.4756639838632588,1.8797590305532568,0.17893169307421397
76ec39ca50f8a9bd4ef8c186,AD2,fabric,evaluation,39.86994171142578,-0.0046469867229461,-0.0017359852790832,-0.0023850947618484,-0.0023850947618484,3,0,0.007481376058422,0.0473821167834103,7,1.511709600282756,-1.409218192063648,0.2869494952027716,0.152305130676378,-0.328083642541668,0.8320073654795671,0.5918129788705441,1.3757691533221181,-0.2734688896082409
778d0b7ee1c73d270b1c9aae,AD2,fabric,evaluation,38.00586318969727,-0.0032688677310943,-0.0013508200645446,-0.0025185048580169,-0.0009755194187164,3,0,0.0074831342790275,0.0469986512325704,7,0.5873801257132955,-0.3817507490633608,0.5146485973087838,0.0814730785780136,0.7909021936302839,0.3344266021456545,0.6891411596717897,0.5367894209997673,-1.052563284033548
77cad20432aef3211e3af2fc,AD2,fabric,evaluation,41.66139221191406,-0.0051838159561157,-0.0006549209356307,-0.0024763643741607,-0.0023714900016784,3,0,0.0074831342790275,0.0486423228867352,7,2.400025452073196,-1.80945544501041,0.9260450599926616,0.1038469245887558,-0.317283557247255,1.251936188330976,1.0413709474129704,2.1704075993247525,0.4539121817959997
77d035c56d951c8164fc3c09,AD2,fabric,evaluation,37.92317962646485,-0.0032107234001159,-0.0043500512838363,-0.0050912797451019,-0.0014794766902923,3,0,0.0074831342790275,0.0513592767529189,7,0.5463803214307555,-0.3384007862310101,-1.2584145710751375,-1.2845024365672115,0.3908376978394343,-0.369061057568228,0.4686090096350949,0.36329204563095885,-1.336908431082605
7b78704e9f43308f188689ee,AD2,fabric,evaluation,40.00956726074219,-0.005306601524353,-0.0032728612422943,-0.0015659630298614,-0.000760018825531,3,0,0.0074831342790275,0.0490804640576243,7,1.580944886850208,-1.9009991902022525,-0.6216093872256516,0.5872106077119179,0.9619764910320364,1.084077747281063,1.2714606889411222,1.481571458936379,-0.13637281608603424
7c1a63eba5b1cd32ec309563,AD2,fabric,evaluation,39.12710571289063,-0.003371775150299,0.0026788711547851,0.0003678500652313,0.0005140006542205,3,0,0.0075372625142335,0.0470747221261262,7,1.143363953780381,-0.4584741840506017,2.896891431737933,1.6139391225245323,1.9733518387885725,1.378651538152457,1.5583578962844769,1.1904214706547962,-0.31086870071484984
7ec4b9aa3b98e74d1c4858ea,AD2,fabric,evaluation,40.392066955566406,-0.0049988329410552,-0.0015464425086975,-0.0046329200267791,-0.003892958164215,3,0,0.0075372625142335,0.0458548418246209,7,1.7706127242393783,-1.6715399046206607,0.3990019781333068,-1.0411433477092098,-1.5250950675437926,0.3647346882650844,0.1227588283477929,1.4894371170445195,-0.2776238426732027
7f063a836d8ca0b59a4287d8,AD2,fabric,evaluation,40.0152473449707,-0.0049532651901245,-0.0010556280612945,-0.0025798082351684,-0.0025798082351684,3,0,0.0075372625142335,0.0451753609813749,7,1.5837614362655117,-1.6375665098637853,0.689158006652644,0.0489249871748336,-0.4826561666841585,0.8163432117201727,0.5505526347906766,1.430277791356444,-0.23269823712489646
7fe3cd326fc4ab77c3f95c50,AD2,fabric,evaluation,38.30136489868164,-0.0029948055744171,-0.0038588643074035,-0.000576227903366,-0.000576227903366,3,0,0.0075372625142335,0.0471670962870121,7,0.7339087918698197,-0.1774215546982676,-0.968038313619223,1.1126953502980188,1.107878190945825,0.9233020710839192,0.9208934914078224,0.7717874477126396,-0.7421080206763131
8090bbc236da994a671f26f2,AD2,fabric,evaluation,39.81608963012695,-0.0044831931591033,-0.0034966468811035,-0.0050476193428039,-0.0024277418851852,3,0,0.0074604804394766,0.0463267979212105,7,1.4850062906146309,-1.2871006135261802,-0.7539053140063732,-1.261321613083663,-0.3619388934864761,0.1118423387654838,0.5615336985640773,1.2103735002448015,-0.5546984457740898
8090c0f045fb236f94c00072,AD2,fabric,evaluation,39.76926803588867,-0.0027980804443359,-0.0009010881185531,-0.0011201202869415,-0.0011201202869415,3,0,0.0074604804394766,0.0463435780256986,7,1.4617891465424788,-0.0307515881906577,0.7805177787023753,0.8239239997350456,0.6761113637321643,1.1428565731387623,1.0689502551373216,1.3980026318617356,-0.19174656407798252
81e99dd7b36499122a103ed8,AD2,fabric,evaluation,40.25201416015625,-0.0041537880897521,-0.002854973077774,-0.0017930567264556,-0.0004941672086715,3,0,0.0074604804394766,0.048527208622545,7,1.701165581705161,-1.0415100757578706,-0.3745653753306885,0.4666386794220628,1.173021750328445,1.0839021305636118,1.437093666016803,1.5777128914768512,-0.05882937457156867
821d2ad9462ae8c4e598be7b,AD2,fabric,evaluation,38.67724609375,-0.0058785378932952,-0.0016948282718658,-0.0015994310379028,-0.0015994310379028,3,0,0.0074604804394766,0.0454542520456016,7,0.9202947533452552,-2.32741084408008,0.3112803881158328,0.5694412802224813,0.2956124112895721,0.7448680167838682,0.6079535823174136,0.8852094060329778,-0.687196265859662
854787b888eb5d5c264b6ee7,AD2,fabric,evaluation,39.451297760009766,-0.0017611384391784,-0.0012357980012893,0.000286728143692,0.000286728143692,3,0,0.0074730825144797,0.0455436669290065,7,1.304119126419442,0.7423486715678299,0.5826464837663939,1.5708686777994685,1.7929324511539764,1.4374939021094553,1.5485257887867092,1.3307940815574448,-0.18552418596503273
86c28b06030986053f0de33b,AD2,fabric,evaluation,37.8035774230957,-0.0040247440338134,-0.0026810616254806,0.0011724084615707,0.0011724084615707,3,0,0.0074730825144797,0.0465065366588532,7,0.4870738917343094,-0.9453002658839196,-0.2717536985789372,2.0411071096737547,2.4960262842799588,1.2640905007040322,1.4915500880071342,0.6424772135282539,-0.7765279071150868
86ff0f768e73cf9f30126c64,AD2,fabric,evaluation,36.80443954467773,-0.0017841756343841,-0.0053074061870574,-0.0032638907432556,-0.0032638907432556,3,0,0.0074730825144797,0.0459512276574969,7,-0.0083626359738458,0.7251731096665449,-1.8243765106064345,-0.3142781679387274,-1.0257123722656585,-0.1613204019562866,-0.517037504119752,-0.03895418917033396,-1.6188681059455599
8a3738a501584f6e48137ef3,AD2,fabric,evaluation,39.21590805053711,-0.0022406578063964,-0.0010293126106262,-0.002561867237091,-0.0003373622894287,3,0,0.0074730825144797,0.0467199641279876,7,1.1873978381583854,0.384839239495804,0.7047149787324652,0.0584504859714862,1.297500718075551,0.6229241620649358,1.242449278116968,1.0745031029396954,-0.559470359352316
8bb425d7b555dae10e37afdc,AD2,fabric,evaluation,38.97349548339844,-0.0027044117450714,-0.0033051967620849,-0.0030891299247741,-0.001048982143402,3,0,0.0074861942557618,0.0462040216661989,7,1.0671941674436192,0.0390838465515657,-0.6407252589205621,-0.221491581653726,0.7325840988860826,0.4228512928949465,0.8998891331648509,0.9383255925338847,-0.710408033526392
8d58f7dd015ef190f8c6b2e1,AD2,fabric,evaluation,37.86946868896485,-0.0059356391429901,-0.0041564404964447,-0.0042759776115417,-0.0037804543972015,3,0,0.0074861942557618,0.0471460241824388,7,0.5197469998945082,-2.369983129465413,-1.1439571881571782,-0.851630226301389,-1.4357843950653504,-0.1659416132034403,-0.4580186975854211,0.3826092772749185,-1.279643795647841
8efdf2a463d91c406ef7b1fe,AD2,fabric,evaluation,37.78279495239258,-0.0035434067249298,-0.0026132762432098,-0.0031044483184814,-0.0018335580825805,3,0,0.0074861942557618,0.0470738159492611,7,0.4767686122080682,-0.5864354531185194,-0.2316808412793299,-0.2296246487325955,0.1097515787092697,0.1235719817377363,0.293260095458669,0.40612928611400184,-1.2012610669730566
939c19a8eb73a3eeef4d5bd5,AD2,fabric,evaluation,36.58251190185547,-0.000803530216217,-0.0030690729618072,-0.0020947754383087,-0.0020947754383087,3,0,0.0074861942557618,0.0470063490793108,7,-0.1184085697106541,1.4563010066416853,-0.5011353497604,0.3064457395261974,-0.0976147906347158,0.0940185849077716,-0.1080116801726849,-0.07592313878696895,-1.5963078769575465
945e71459b86b044da6ed0e2,AD2,fabric,evaluation,40.88509750366211,-0.0045486092567443,-0.0036267340183258,-0.0006276369094848,-0.0006276369094848,3,0,0.0074752232758328,0.0453291828744113,7,2.015088835173489,-1.3358720991320283,-0.8308092586591698,1.0854005240119295,1.067067353853027,1.5502446795927094,1.5410780945132585,1.9221200040573332,0.314769581553763
970270c4ee97dc741b7fc624,AD2,fabric,evaluation,39.9458236694336,-0.0044822394847869,-0.0034113824367523,-0.0028708577156066,-0.0012712925672531,3,0,0.0074752232758328,0.0461116312071681,7,1.5493367332372328,-1.2863895941460497,-0.7034993150025585,-0.1056032873236867,0.5561038442230523,0.721866722956773,1.0527202887301426,1.383842731181141,-0.2895532276278763
978e8d1834f7b358d69695ec,AD2,fabric,evaluation,38.258056640625,-0.004737764596939,-0.0059974789619445,-0.0044538974761962,-0.0042357146739959,3,0,0.0074752232758328,0.0445543467067182,7,0.7124337848100885,-1.47689834930985,-2.232328592722243,-0.9460940598828108,-1.7971909732853988,-0.1168301375363612,-0.5423785942376551,0.5465810003407986,-1.1372530600809516
989a1df57ad4822aea304241,AD2,fabric,evaluation,37.755401611328125,-0.0012080371379852,-0.0022515952587127,-0.0014772713184356,-0.0001874566078186,2,0,0.0074752232758328,0.0438163671642541,5,0.4631852399103557,1.154717692688074,-0.0178649713351513,0.6343001167133102,1.4165027531925212,0.548742678311833,0.9398439965514384,0.4802967275906511,-1.0541746303405675
98bb66cf181d19a2698f5f06,AD2,fabric,evaluation,39.75307083129883,-0.0043114423751831,-0.0018388777971267,-3.0100345611572266e-05,-3.0100345611572266e-05,3,0,0.0074701197445392,0.0460138749331235,7,1.4537575355167045,-1.1590504670357462,0.2261222629201186,1.4026534324386482,1.5414194023809118,1.4282054839776763,1.497588468948808,1.4486471252088988,-0.09233078435062647
9d3ae35f1e5ddd318cf94ad8,AD2,fabric,evaluation,52.00877380371094,-0.0017879009246826,-0.0018762648105621,-0.0039725005626678,-0.0039725005626678,1,0,0.0074701197445392,0.0428732871077954,3,7.530919713462188,0.722395690212909,0.2040200868452198,-0.690503724231101,-1.5882394873702728,3.4202079946155437,2.9713401130459576,6.708777369692859,4.560957998945997
9dfef796cdb0e57e04b69ad5,AD2,fabric,evaluation,36.25756454467773,-0.001103401184082,-0.0017406344413757,-0.0008749365806579,0.0012795627117156,3,0,0.0074701197445392,0.0459526111371815,7,-0.2795382734338185,1.232729850301802,0.2842010380742867,0.9541005422600638,2.5810902638551214,0.3372811344131226,1.1507759952106515,-0.15617439186443022,-1.611151366377416
9fbb7d34cbc9fdd160eebea0,AD2,fabric,evaluation,38.68581771850586,-0.0035680532455444,-0.0031802058219909,0.0011287927627563,0.0011287927627563,3,0,0.0074701197445392,0.0461710398085415,7,0.92454511367849,-0.6048108602237752,-0.5668340461201431,2.01795002082176,2.461402133505866,1.4712475672501246,1.692973623592178,1.033885604392817,-0.4181830271835467
a0aa636bfd37ce395b9d83e6,AD2,fabric,evaluation,40.79677963256836,-0.0048696100711822,-0.0011143088340759,0.0001282095909118,0.0001282095909118,3,0,0.0074667499866336,0.0469578402116894,7,1.9712951803292285,-1.5751967786129353,0.6544675445629862,1.486705674312101,1.6670931221704444,1.7290004273206647,1.8191941512498364,1.9228362297275157,0.3520254401991727
a3045d0e203b3c32f8ed6d8f,AD2,fabric,evaluation,40.35993957519531,-0.0047874450683593,-0.0026373714208602,-0.0053342878818511,-0.0030900835990905,3,0,0.0074667499866336,0.0456930520012974,7,1.7546819121670578,-1.5139380151435395,-0.2459252488971503,-1.4135238936899777,-0.8877362552075723,0.17057900923854,0.4334728284797428,1.4378613315813542,-0.35907967017485265
a50c314d0d3dab9c41ee219c,AD2,fabric,evaluation,38.82564926147461,-0.0016852021217346,0.0010322928428649,0.0005754828453063,0.0005754828453063,3,0,0.0074667499866336,0.0536686857230961,7,0.9938825450870612,0.7989635897107461,1.923479532066224,1.7241785745449287,2.0221592341059305,1.359030559815995,1.5080208895964955,1.066912148032848,-0.4145580885273126
a539b857ff4edf1cd0ceccf1,AD2,fabric,evaluation,39.6063346862793,-0.0028442740440368,-0.0040933787822723,-0.0037192702293395,-0.0037192702293395,3,0,0.0074667499866336,0.0469670523889362,7,1.3809963603595106,-0.0651915894157441,-1.106676833773371,-0.556054948026521,-1.3872135843108493,0.4124707061664948,-0.0031086119756693,1.1872912295209075,-0.5116399487170065
a68318f29440379ee11375e4,AD2,fabric,evaluation,46.29671859741211,-0.001102864742279,-0.0010590255260467,-0.0040367543697357,-0.0007427632808685,2,0,0.0074841018067672,0.0467264978215098,5,4.6985170405028445,1.2331297987031256,0.687149518751059,-0.724618301316787,0.975674737221445,1.9869493695930287,2.837095888862145,4.156203506320882,2.2071252365273515
a6cfb948596e4be4bf6e2c91,AD2,fabric,evaluation,39.269630432128906,-0.0018954575061798,-0.0052376687526702,-0.0047600269317626,-0.0024206638336181,3,0,0.0074841018067672,0.0478676240891218,7,1.2140368344080283,0.6422060357475303,-1.783149653679162,-1.1086288167585845,-0.3563200101186271,0.052704008824722,0.4288584121447006,0.9817702692913671,-0.7512996858981289
a8822166e8f8843ac5e83209,AD2,fabric,evaluation,39.84695053100586,-0.0020645260810852,-0.0027598291635513,-0.0009239315986633,-0.0009239315986633,3,0,0.0074841018067672,0.0461532901972532,7,1.500309101071182,0.5161556312637141,-0.3183189049288436,0.928087386077843,0.8318549814607961,1.2141982435745124,1.1660820412659891,1.443086929571848,-0.1407284521370562
aa783b9ae5d3b56c5f3005bb,AD2,fabric,evaluation,38.777645111083984,-0.0038835108280181,-0.0033952295780181,-0.0010749995708465,-0.0003843903541564,3,0,0.0074841018067672,0.049945964012295,7,0.97007901396404,-0.8400027395576717,-0.6939501883125663,0.8478801545159959,1.2601676740567476,0.908979584240018,1.1151233440103938,0.9578591280192355,-0.5948998185167502
ab4ce7a10101250d4fe7b1cd,AD2,fabric,evaluation,41.16548156738281,-0.0014922320842742,-0.0019591152667999,-0.0014861226081848,-0.0014861226081848,3,0,0.007498093531467,0.0548381940461695,7,2.154121204934549,0.9428339174090908,0.1550411713504261,0.6296006596657922,0.3855618620877277,1.3918609323001705,1.2698415335111384,2.001669150407673,0.34646233665813253
ac65faa4d43620fe470a1b47,AD2,fabric,evaluation,38.60114288330078,-0.0061005353927612,-0.0025344789028167,-0.0008394718170166,-0.0008394718170166,3,0,0.007498093531467,0.0449003777466714,7,0.8825579092651319,-2.4929228241611567,-0.1850980166144973,0.9729300166255398,0.8989030465744132,0.927743962945336,0.8907304779197726,0.8915951200011727,-0.6445201219612398
b0443c8503ca82e335286949,AD2,fabric,evaluation,38.12540817260742,-0.0035569369792938,-0.0016210675239562,1.2159347534179688e-05,1.2159347534179688e-05,3,0,0.007498093531467,0.0463097947649657,7,0.646658181842764,-0.5965230405741254,0.3548857175581401,1.4250905708001986,1.574967093394006,1.0358743763214813,1.1108126376183851,0.7245014207385074,-0.7571664728682443
b33cf0d7b9c9952e7cadb4fc,AD2,fabric,evaluation,37.92056274414063,-0.0029273033142089,-0.0017763674259185,-0.0041417777538299,-0.0025234222412109,3,0,0.007498093531467,0.0467569069005548,7,0.5450827036343162,-0.1270947141983833,0.2630766784777912,-0.7803788623789194,-0.4378943673916519,-0.1176480793723016,0.0535941681213321,0.4125365470329927,-1.2455854762653304
b67e6ac18682a6805643e586,AD2,fabric,evaluation,38.02259826660156,-0.0007246434688568,-0.0009924471378326,-0.0011447668075561,-0.000564306974411,3,0,0.0074793183011934,0.0457205208949744,7,0.5956784482686588,1.5151156409918811,0.7265088342961558,0.8108383062054249,1.117341573460097,0.7032583772370418,0.856510010864378,0.6171944340623354,-0.9120034344187942
b794272b761746b6110bc6b6,AD2,fabric,evaluation,37.46096420288086,-0.0018108189105987,-0.0019518733024597,-0.0003527998924255,-0.0003527998924255,2,0,0.0074793183011934,0.0439843423664569,5,0.3171843220996136,0.7053090057341402,0.159322421877489,1.2313210388005182,1.2852456377195685,0.7742526804500659,0.801214979909591,0.40859799376970407,-1.065759377336486
b8aae6df9ea9aa6901c133df,AD2,fabric,evaluation,38.61481475830078,-0.0067926049232482,-0.0021105408668518,-0.0006474256515502,-0.0006474256515502,3,0,0.0074793183011934,0.0451738811098039,7,0.8893373002016313,-3.0089007005798383,0.0655225132104812,1.074893993777748,1.0513581388793354,0.9821156469896896,0.9703477195404832,0.9078929695592429,-0.6202126580320781
b8ebac35d552ad38a38a1ed1,AD2,fabric,evaluation,40.26958084106445,-0.0050902366638183,-0.0105327367782592,-0.0087924301624298,-0.0016597509384155,3,0,0.0074793183011934,0.0484097809530794,7,1.7098762667672645,-1.7396866683350736,-4.913448521559191,-3.249571698288617,0.2477276957673557,-0.7698477157606763,0.97880198126731,1.2139314702616761,-0.7327365702448181
bb2104212ccead8c64cdbe2e,AD2,fabric,evaluation,39.40087890625,-0.0040409862995147,-0.00437593460083,-0.0027739405632019,-0.0027739405632019,3,0,0.0074849850498139,0.0480156056582927,7,1.279118230769969,-0.9574098147017728,-1.273716077588529,-0.0541466061165202,-0.6367673509290783,0.6124858123267243,0.3211754399204453,1.14579174708132,-0.5040871503211264
bc2661d75241c75621a24c7c,AD2,fabric,evaluation,40.92863845825195,-0.0020603537559509,-0.0018825829029083,-0.0045742392539978,-0.0045742392539978,3,0,0.0074849850498139,0.0470000118948519,7,2.0366792280722628,0.5192663410517865,0.2002850040808686,-1.009987688023813,-2.0659273782344383,0.5133457700242249,-0.0146240750810877,1.7320125364626553,-0.05138958989275766
be14334c1a921ecf0b47ffe5,AD2,fabric,evaluation,38.364559173583984,-0.0029368996620178,-0.0013355016708374,0.0004216730594635,0.0008695870637893,3,0,0.0074849850498139,0.0546217560768127,7,0.7652445592398107,-0.1342493467109496,0.5237044111808428,1.64251561891449,2.255632709961164,1.2038800890771504,1.5104386346004874,0.8529716652072787,-0.6190277127727164
be61740baed59d1f8c3045b9,AD2,fabric,evaluation,37.83279037475586,-0.0018171966075897,-0.0016316175460815,-0.004128485918045,-0.0018644034862518,3,0,0.0074849850498139,0.0474922079592943,7,0.5015595434619076,0.7005540636295154,0.3486488340742707,-0.7733217652637915,0.0852650764535908,-0.1358811109009419,0.2934123099577492,0.3740714125893377,-1.2803653108949935
bfe03b07b1ad3daa3126a1ce,AD2,fabric,evaluation,39.55354309082031,-0.0030904114246368,-0.0046262145042419,-0.0020582377910614,-0.0020582377910614,3,0,0.0074734813533723,0.0466015338897705,7,1.3548189074660355,-0.2487012475563819,-1.421674686338629,0.3258448450489484,-0.0686095232284721,0.840331876257492,0.6431046921187817,1.2519215012243268,-0.3716973038080045
c4df72399851ee774767cd5b,AD2,fabric,evaluation,37.52107238769531,0.0002290606498718,-0.0028165727853775,-0.0034241080284118,-0.0013327896595001,3,0,0.0074734813533723,0.0471378718502819,7,0.3469898084239495,2.2261572404783263,-0.3518641765482994,-0.3993430874251134,0.5072846196775515,-0.0261766395005819,0.4271372140507504,0.2723565188390432,-1.3399325228634908
c549bf625e15e579ed57a9b3,AD2,fabric,evaluation,41.07861709594727,-0.0046516060829162,-0.0066312551498413,-0.0041325390338897,-0.0014212429523468,3,0,0.0074734813533723,0.0473869265988469,7,2.111048238691517,-1.4126621921861566,-2.606999677942489,-0.7754737051912745,0.4370663214216531,0.6677872667501212,1.274057280056585,1.8223960443032379,0.053232645110212085
c78bb919fba9d0e2de374bf5,AD2,fabric,evaluation,39.560455322265625,-0.0056046545505523,-0.0091878473758697,-0.0109587609767913,-0.0026253461837768,3,0,0.0074734813533723,0.0475784949958324,7,1.358246434356922,-2.1232149658487613,-4.118386823885251,-4.399751943352865,-0.5188062878886777,-1.5207527544979715,0.4197200732341222,0.7824465965859433,-1.2349890676103232
c7b7e44baf4a34215e4b8365,AD2,fabric,evaluation,39.75838470458984,-0.0034009516239166,-0.0070693790912628,-0.0050057768821716,-0.0008323490619659,3,0,0.0075005347607657,0.0454210899770259,7,1.4563924941033517,-0.4802269332114788,-2.8660065256723315,-1.239105997949942,0.9045574176266908,0.1086432480767047,1.1804749558650212,1.1868426448980225,-0.5743426197336841
c7d5362aa3f02b860b3539e8,AD2,fabric,evaluation,36.934837341308594,-0.0015978813171386,-0.009155660867691,-0.0107237696647644,0.0014156103134155,3,0,0.0075005347607657,0.0468460549600422,7,0.0562969400256955,0.8640663017039739,-4.099359043764971,-4.274986896821959,2.6890911167992506,-2.109344978398132,1.3726940284124731,-0.37683144365907,-2.291216149945972
c8fb8594383eb233e26f79f0,AD2,fabric,evaluation,39.82303237915039,-0.0033043324947357,-0.0047293305397033,-0.0020891427993774,0.0007218271493911,3,0,0.0075005347607657,0.0470325029455125,7,1.488448950074572,-0.4081917822619755,-1.4826340559832285,0.3094363031018907,2.1383340836967624,0.8989426265882313,1.8133915168856671,1.3705476853773038,-0.2639481723782713
ccf204805f19c4ee6074aa7a,AD2,fabric,evaluation,40.18981170654297,-0.0052127540111541,-0.0026121437549591,-0.0047967433929443,0.0001748800277709,3,0,0.0075005347607657,0.0461080051027238,7,1.6703216228294473,-1.8310304393262544,-0.2310113453121349,-1.1281228608075475,1.7041422647138191,0.2710993810109499,1.6872319437716332,1.3904771744657478,-0.3766901769006574
ceeb8d6713674d0d45922eea,AD2,fabric,evaluation,40.72675323486328,-0.0052732229232788,-0.0026314556598663,-0.0006928592920303,-0.0006928592920303,3,0,0.0075296390568837,0.0452511650510132,7,1.93657160906212,-1.876113511897674,-0.2424280133843026,1.050771696575926,1.0152908222718162,1.4936716528190228,1.475931215666968,1.8479916178135005,0.24334519956483547
cf7d74c1c8b930ec2d4c2ec1,AD2,fabric,evaluation,38.49855041503906,-0.0053712725639343,-0.0011779367923736,-0.0048575401306152,-0.0026601552963256,3,0,0.0075296390568837,0.0472140247002244,7,0.8316859952455413,-1.9492151919173732,0.6168524421955817,-1.1604019597197923,-0.5464393648303519,-0.1643579822371255,0.1426233152075947,0.632477199749008,-1.077692756572005
d2443278441bfec9049afbb7,AD2,fabric,evaluation,43.32918167114258,-0.0052543580532073,-0.0030411779880523,-0.0009570121765136,-0.0009570121765136,3,0,0.0075296390568837,0.0476173050701618,7,3.2270222424829167,-1.8620486597844608,-0.4846446069894911,0.9105237587285334,0.8055940949836912,2.068773000605725,2.016308168733304,2.9953723941074784,1.2872038950588691
d3af60f47b17122b511ecde3,AD2,fabric,evaluation,37.65532684326172,-0.0004398822784423,-0.0029866695404052,-0.0031946450471878,0.0003307610750198,3,0,0.0075296390568837,0.046059834305197,7,0.4135617628377767,1.727421584027817,-0.4524207089894991,-0.2775132236629428,1.827887820316069,0.0680242695874169,1.1207247915769227,0.34445426418770475,-1.2624260680316741
d40d2439e5132e7866045ab8,AD2,fabric,evaluation,37.72698211669922,-0.0037998855113983,-0.0040163397789001,-0.0070127546787261,-0.0028586387634277,3,0,0.0075022637611255,0.0494279619306325,7,0.4490930349781794,-0.7776552276624508,-1.0611334896891835,-2.304680193071164,-0.7040046836929811,-0.9277935790464924,-0.1274558243574008,0.17371571217324508,-1.6045266682948967
d5c4415055a38c26b3f30d01,AD2,fabric,evaluation,39.29358673095703,-0.0046886205673217,-0.0026036500930786,-0.0034005045890808,-0.0012603998184204,3,0,0.0075022637611255,0.0463179578073322,7,1.2259159011159568,-1.440258631877484,-0.2259901255581722,-0.3868112019650654,0.5647510099954683,0.4195523495754457,0.8953334555557126,1.0646431908078546,-0.609155375182346
d616b2656bc70ea4dfc48eab,AD2,fabric,evaluation,39.63762283325195,-0.004037469625473,-0.0068491101264953,-0.0042766034603118,0.0002714693546295,3,0,0.0075022637611255,0.0466873859986662,7,1.3965110267828271,-0.9547879307375402,-2.7357895600529,-0.8519625111431327,1.7808193215357082,0.2722742578198473,1.5886651741592677,1.1716636729902312,-0.553016446569369
d7ef20222313a2704af13fe8,AD2,fabric,evaluation,40.05646896362305,-0.0043901801109313,-0.0028984248638153,-0.0042699575424194,-0.0003652572631835,3,0,0.0075022637611255,0.0460851220414042,7,1.6042017539161286,-1.2177540046077966,-0.4002528784930659,-0.8484339625855687,1.275356402992154,0.3778838956652799,1.439779078454141,1.358938182265959,-0.3802294280825049
d884c88eb93fb08847593c0b,AD2,fabric,evaluation,40.72135162353516,-0.004141628742218,-0.0017453134059906,-0.0017336308956146,-0.0017336308956146,2,0,0.0074674593051895,0.0475952406413853,5,1.9338931443394405,-1.0324445786612029,0.2814349626308757,0.4981899163000117,0.1890783826351549,1.216041530319726,1.0614857634872976,1.7903228215354976,0.13984506997900192
d93da7f5d9bbc63148f38e7d,AD2,fabric,evaluation,40.1276741027832,-0.0011210143566131,-0.0022770762443542,0.0012304782867431,0.0012304782867431,3,0,0.0074674593051895,0.0471250261180102,7,1.6395098206629748,1.219598211125011,-0.0329286305970393,2.0719383960612587,2.5421247863526064,1.8557241083621168,2.090817303507791,1.6827526782028033,0.1842963861732323
db18cc4d6492b9c51e2c8d88,AD2,fabric,evaluation,52.44696807861328,-0.0020579993724823,-0.0020197033882141,-0.0045279264450073,-0.0045279264450073,1,0,0.0074674593051895,0.0428941422142088,3,7.74820448937616,0.5210216701464844,0.1192231371054924,-0.9853986097347794,-2.029162137166492,3.38140293982069,2.8595211761048343,6.874844179465066,4.687000212321257
e1e18e13a59a1f423ef2b6a0,AD2,fabric,evaluation,41.66147613525391,-0.0038467645645141,-0.003687709569931,-0.0006017088890075,-0.0006017088890075,3,0,0.0074674593051895,0.0453254128806293,7,2.4000670666380963,-0.8126062740670061,-0.8668563309981437,1.09916661031274,1.0876502108215689,1.749616838475418,1.7438586387298325,2.2699770210055608,0.6363741773662567
e1f5c622af81ecf398f33411,AD2,fabric,evaluation,36.65389633178711,-0.006754070520401,-0.0013325661420822,-0.0012784302234649,0.0007491260766983,3,0,0.0074666573200374,0.0453074541874229,7,-0.0830115991206117,-2.9801710737514275,0.525439815201072,0.7398717578615928,2.160005229654445,0.3284300793704905,1.0384968152669167,-0.0007232634223912626,-1.4875291750053923
e26be8f3618c6c9301fea465,AD2,fabric,evaluation,40.17871475219727,-0.0016906261444091,-0.0027704387903213,-0.0004360526800155,-0.0004360526800155,3,0,0.0074666573200374,0.0473902211524546,7,1.6648190424069371,0.7949196669862522,-0.3245910250425654,1.1871192433047555,1.219155740085521,1.4259691428558463,1.441987391246229,1.6170490624967189,0.0430990494928114
e35a018d7890d985df4c49e7,AD2,fabric,evaluation,38.97029495239258,-0.0050733089447021,-0.0029233396053314,-0.0022770762443542,-0.0022770762443542,3,0,0.0074666573200374,0.046647900249809,7,1.065607139264009,-1.7270660743377515,-0.4149817897713564,0.2096559120525696,-0.2423335677342206,0.6376315256582893,0.4116367857648941,0.9800120165428651,-0.6327003962071149
e398057b86d77a77678c8325,AD2,fabric,evaluation,39.69620513916016,-0.0029448866844177,-0.0020791292190551,-0.003453254699707,-0.0014348924160003,3,0,0.0074666573200374,0.047303935047239,7,1.4255598846544288,-0.1402041340195452,0.0840922171426799,-0.4148180671977484,0.4262307484428116,0.5053709087283402,0.9258953165486202,1.2415220894692112,-0.44881771743695165
e510edfcce92e2efb945798d,AD2,fabric,evaluation,40.12940216064453,-0.0045475363731384,-0.0011181533336639,-0.0047150254249572,-0.0009546279907226,3,0,0.0074453217675909,0.0457161143422126,7,1.6403667023856965,-1.3350722023293813,0.6521947819375083,-1.0847359543284425,0.8074867714865456,0.277815374028627,1.2239267369361209,1.3678564367142827,-0.3935655272201297
e92e7e571ba5b4106eeb1038,AD2,fabric,evaluation,40.2811393737793,-0.0050536096096038,-0.0029747188091278,-0.0011545121669769,-0.0011545121669769,3,0,0.0074453217675909,0.0464833318255841,7,1.7156077272967267,-1.7123790802669243,-0.445355764704099,0.8056641565268444,0.6488095051784896,1.2606359419117856,1.1822086162376082,1.6246133702197385,0.015279106575803558
eb0e86b34da0f7ef41dc7049,AD2,fabric,evaluation,37.80277633666992,-0.0015456080436706,-0.0008841753005981,-0.0009028911590576,0.0003926753997802,3,0,0.0074453217675909,0.0458114040084183,7,0.4866766617966239,0.9030390514773944,0.7905161724229851,0.939258485995512,1.877038263249569,0.712967573896068,1.1818574625230964,0.5319348442165127,-0.9788098396534037
eb1e525f30d0dcab3e4c07f8,AD2,fabric,evaluation,40.26200866699219,-0.0058340430259704,-0.0053938627243041,-0.0031336247920989,-0.0031336247920989,3,0,0.0074453217675909,0.0464277062565088,7,1.7061214980705706,-2.294237346125852,-1.8754872422072968,-0.2451154515929325,-0.9223012598409508,0.730503023238819,0.3919101191148099,1.5109978031042204,-0.18517585871613407
ef36372588149436368f69bb,AD2,fabric,evaluation,39.59811401367188,-0.0017895698547363,-0.0021095275878906,-0.0011187493801116,-0.0011187493801116,3,0,0.0074536743341013,0.0459052459336817,7,1.3769200245704043,0.7211514062976799,0.0661215359179715,0.8246518617693414,0.6771996527213056,1.100785943169873,1.027059838645855,1.321693208290298,-0.2619552246095118
f0e1d8ad11bd345f68d6f522,AD2,fabric,evaluation,36.9449577331543,-0.0031455755233764,-0.0033834278583526,-0.0021537542343139,-0.0021537542343139,3,0,0.0074536743341013,0.0469276369549334,7,0.0613152782384557,-0.2898292748258238,-0.6869733356017972,0.2751318489637797,-0.1444348756240766,0.1682235636011177,-0.0415597986928104,0.0826969353109881,-1.4530867527096771
f21a975bc0bb307ecfaa3861,AD2,fabric,evaluation,36.656036376953125,-0.0065139234066009,-0.0021474063396453,-0.0004484951496124,0.0006421208381652,3,0,0.0074536743341013,0.0445144893601536,7,-0.0819504277156519,-2.8011275060922363,0.0437286576467906,1.180513104189137,2.075059542360711,0.5492813382367425,0.9965545573225296,0.04429592547482698,-1.4058865466765829
f4835fc10c0f820a126294b6,AD2,fabric,evaluation,36.31319808959961,-0.0008686482906341,-0.0032794177532196,-0.0023151040077209,-0.0023151040077209,3,0,0.0074536743341013,0.0464510624296963,7,-0.251951600047126,1.407751714592128,-0.6254854165094123,0.1894656521447146,-0.2725217579547484,-0.0312429739512056,-0.2622366790009372,-0.20780987482794197,-1.7284330699124126
f7c8677cd924f1ce96e9cb2e,AD2,fabric,evaluation,40.368465423583984,-0.0042276382446289,-0.002375304698944,-0.003659039735794,-0.0016599893569946,3,0,0.0080663926588992,0.0463113579899072,7,1.7589095736467109,-1.0965696390067508,-0.0909985965937444,-0.5240764877806158,0.2475384281170703,0.6174165429330476,1.003224000881891,1.5306109675039783,-0.19255299020604943
fce0eaa8b4095c0c65e1ca4b,AD2,fabric,evaluation,41.42583465576172,-0.0045886933803558,-0.0017527341842651,-0.0020342469215393,0.0007970482110977,3,0,0.0080663926588992,0.0477524166926741,7,2.2832209346823387,-1.365757132453152,0.2770480022142557,0.3385824306491234,2.1980480273618186,1.310901682665731,2.240634481022078,2.088757084279017,0.4001246801938547
ff975b1d28945d1dfa6522a0,AD2,fabric,evaluation,39.021934509277344,-0.002751350402832,-0.0035827159881591,-0.001651108264923,-0.001651108264923,3,0,0.0080663926588992,0.0462159011512994,7,1.0912133376756696,0.0040883614357521,-0.8047870075131948,0.5420040461470733,0.2545886480902029,0.8166086919113715,0.6729009928829363,1.03629240852281,-0.5505626731984656
01d7054b966654d2e08c7807,AD2,fruit_jelly,evaluation,41.195068359375,-0.0035323351621627,0.0007663965225219,0.0017428696155548,0.0022848546504974,3,0,0.0057374712778255,0.0338090262375772,7,-0.7526585520446363,-0.0313770168489769,-0.5638275333705965,-0.336192891244607,-0.256850395579997,-0.5444257216446217,-0.5047544738123166,-0.7110119859646333,-2.2397794726654405
041d4d2139cc1a04481af1d6,AD2,fruit_jelly,evaluation,43.544532775878906,0.0003819167613983,0.0019909590482711,0.0042096376419067,0.0042096376419067,2,0,0.0057374712778255,0.034281175583601,5,0.1228667827024247,2.9921542241290515,-0.0665238062330203,0.8253474435722469,0.6454930986831725,0.4741071131373358,0.3841799406927986,0.19311484878940693,-1.301224573862215
05ef19bbca6fcbdda59b6cc0,AD2,fruit_jelly,evaluation,41.14009475708008,-0.0018764585256576,0.0040626525878906,0.0049330592155456,0.0049330592155456,3,0,0.0057374712778255,0.0347447441890835,7,-0.7731444045706064,1.2476910757136463,0.7748059724234502,1.165988852850186,0.984635097285699,0.1964222241397898,0.1057453463575462,-0.5792310788285272,-1.9814308725965262
0925b47b419b2b97f462ff62,AD2,fruit_jelly,evaluation,44.03256988525391,-0.0014501810073852,0.0028083026409149,0.0046593099832534,0.0046593099832534,2,0,0.0057492629857733,0.0322335897944867,5,0.3047332755733222,1.5769655881856504,0.2654053573881383,1.0370870787329205,0.8563007136586286,0.6709101771531212,0.5805169946159754,0.377968655889282,-1.1116794140018444
09d3ffd8e1b0b403140ead66,AD2,fruit_jelly,evaluation,47.43087387084961,-0.0018492639064788,0.0075028240680694,0.003432959318161,0.003432959318161,2,0,0.0057492629857733,0.0324202207848429,5,1.5711075239598171,1.268697332408211,2.171884572422765,0.4596287417846397,0.2813841909802622,1.0153681328722286,0.9262458574700396,1.4599596457422994,-0.16791020202462947
0a6aa795747244d800b02a8f,AD2,fruit_jelly,evaluation,48.05799102783203,-0.0044748783111572,-0.0007068812847137,0.001909464597702,0.001909464597702,2,0,0.0057492629857733,0.0324035799130797,5,1.8048020438409391,-0.7594366084661218,-1.162136340998971,-0.2577474155148682,-0.4328342719249514,0.7735273141630354,0.6859838859579939,1.5985470979053584,-0.10570172432917913
0b7dc967156b20d1fcb47d6d,AD2,fruit_jelly,evaluation,50.33427429199219,-0.0038994252681732,0.0046063065528869,0.0032800137996673,0.0032800137996673,1,0,0.0057492629857733,0.0304408767260611,3,2.6530565025309456,-0.3149327065314958,0.9955877923639136,0.3876104624563714,0.2096829164961159,1.5203334824936583,1.4313697095135307,2.426511898523488,0.7156415810116622
0f34726af9ad9aef1f081250,AD2,fruit_jelly,evaluation,42.11007690429688,-0.0002655088901519,0.0021425634622573,0.0043351054191589,0.0043351054191589,2,0,0.0057312363060191,0.0336795607581734,5,-0.4116816225956544,2.492055681189085,-0.0049561536709582,0.8844271310180788,0.7043127334412114,0.2363727542112121,0.1463155554227784,-0.28207074723428105,-1.7334458416203877
146031f7a95717bec5ec078b,AD2,fruit_jelly,evaluation,53.325416564941406,-0.0026801824569702,0.0016601830720901,0.0026516616344451,0.003283143043518,2,0,0.0057312363060191,0.0318783749826252,5,3.7677023858241503,0.6268612305987278,-0.2008543302720074,0.091734897110072,0.2111499145126465,1.9297186414671117,1.9894261501683983,3.400105636952743,1.5852637785978105
14f60249a0d00e318aa29486,AD2,fruit_jelly,evaluation,45.67411422729492,-0.0036011040210723,0.0053035914897918,0.0021488368511199,0.0021488368511199,1,0,0.0057312363060191,0.030787672381848,3,0.9164529719738465,-0.0844969481615332,1.2787602647434233,-0.1450329144305636,-0.3206159093651964,0.3857100287716413,0.2979185313043249,0.8103043833334054,-0.8213330928339153
155699ac3ef5ec434aa7e648,AD2,fruit_jelly,evaluation,45.8043327331543,-0.0051777958869934,0.0058885812759399,0.0058496594429016,0.0058496594429016,1,0,0.0057312363060191,0.0316032208502292,3,0.9649787551829584,-1.302399425340641,1.5163288615864974,1.5975933343428244,1.4143397734420518,1.281286044762891,1.189659264312505,1.028240213098945,-0.4617156326244638
17237d54010a75cccd4eb663,AD2,fruit_jelly,evaluation,57.72513198852539,-0.002473622560501,0.0056276619434356,0.0063520967960357,0.0063520967960357,1,0,0.0057589602656662,0.0314898891374468,3,5.407251506877532,0.7864166992562913,1.4103676274247412,1.8341787145445536,1.649883769258151,3.6207151107110422,3.528567638067841,5.049944227644235,3.263535536305258
1ec138e3133583d6b080e595,AD2,fruit_jelly,evaluation,57.84585952758789,-0.0019537806510925,0.0037747472524642,0.0036522448062896,0.0036522448062896,1,0,0.0057589602656662,0.0298556219786405,3,5.452240491732288,1.187964245035238,0.6578855266644958,0.5628848796056448,0.3841858234148584,3.0075626856689666,2.918213157573573,4.963304930519625,3.067814233544021
26023dbc612ab8364949bcaa,AD2,fruit_jelly,evaluation,54.84011459350586,-0.0013325214385986,0.0004992485046386,0.0056984722614288,0.0056984722614288,1,0,0.0057589602656662,0.0300001907162368,3,4.332152942803846,1.6678507404378593,-0.6723182818601434,1.5264030126295929,1.3434628121290988,2.9292779777167195,2.837807877466473,4.051577949786421,2.3160509138187666
266d7708bf0cc0f847467994,AD2,fruit_jelly,evaluation,45.5169792175293,-0.0042762160301208,-0.0003570318222045,0.0021213591098785,0.0021213591098785,1,0,0.0057589602656662,0.0294606536626815,3,0.857896783142415,-0.6059815869582127,-1.0200599357648354,-0.157971506313,-0.3334975490913038,0.3499626384147075,0.2621996170255556,0.7563099541968735,-0.8722376678968309
27cb25a6c65efbf49735e441,AD2,fruit_jelly,evaluation,50.557865142822266,-0.0030672848224639,0.0042798221111297,0.0024895966053009,0.0024895966053009,1,0,0.0056787816574797,0.0301927388645708,3,2.7363773875565984,0.3278472380445376,0.8630000915938348,0.0154224647275461,-0.160866811069848,1.3758999261420723,1.2877552882433752,2.4642818952736936,0.7164838202396906
2872faa2a8cc4a729445f5dc,AD2,fruit_jelly,evaluation,45.0025520324707,-0.0038577020168304,0.0060291290283203,0.0070418119430541,0.0070418119430541,1,0,0.0056787816574797,0.0325354770757257,3,0.6661960575482742,-0.2827039291370954,1.5734063236432467,2.158948597337639,1.9732241035111904,1.412572327442957,1.3197100805297322,0.8154713115272106,-0.6064674812323108
2ac97c1b943845b9ffbeeca0,AD2,fruit_jelly,evaluation,44.969825744628906,-0.0050290822982788,0.0049602091312408,0.0061454772949218,0.0061454772949218,1,0,0.0056787816574797,0.0305261886678636,3,0.6540006423223844,-1.1875268544848854,1.139310197352018,1.7368866781877954,1.5530199859380835,1.19544366025509,1.103510314130234,0.7622892459089256,-0.6939331673227538
2eea30fbc37a2488480908f9,AD2,fruit_jelly,evaluation,41.5091667175293,-0.0043104588985443,-0.0006368607282638,-0.0048226863145828,0.0045458972454071,3,0,0.0056787816574797,0.0339678577147424,7,-0.6356101438053853,-0.6324322049769028,-1.133700484955219,-3.42775154284148,0.803132514116653,-2.031680843323433,0.0837611851556338,-0.9148242837089948,-2.709403620452032
30aff5f7bb312ed8a3001cb2,AD2,fruit_jelly,evaluation,43.360130310058594,-0.0034835338592529,0.0058340430259704,0.0058709681034088,0.0058709681034088,2,0,0.0057410687441006,0.0319719286635518,5,0.0541494063159566,0.0063191424248306,1.4941804825441198,1.6076270579826746,1.4243293313641414,0.8308882321493156,0.739239368840049,0.2094971714826284,-1.2147992080695929
31bd56c54fa4b1b59aeff590,AD2,fruit_jelly,evaluation,48.353912353515625,-0.005144715309143,-0.000856190919876,0.0034555792808532,0.0034555792808532,3,0,0.0057410687441006,0.0343748480081558,7,1.9150768008910808,-1.2768466089779378,-1.2227720672297415,0.4702799253407885,0.2919884909283267,1.192678363115935,1.103532645909704,1.7705971133360516,0.1191340295751433
3266172dd8f1a885f00f395e,AD2,fruit_jelly,evaluation,57.836727142333984,-0.0026115775108337,0.004157930612564,0.0055984258651733,0.0055984258651733,1,0,0.0057410687441006,0.0304262042045593,3,5.448837318396144,0.6798545488572347,0.8134990695810898,1.4792936276520017,1.2965607898291611,3.464065473024073,3.372699054112653,5.0518829493217305,3.232957868040991
3b3ef974fa52f1ff136f89e6,AD2,fruit_jelly,evaluation,54.36733627319336,-0.0042023956775665,0.0011868178844451,-1.0281801223754885e-05,0.0069094747304916,3,0,0.0057410687441006,0.0342369880527257,7,4.155972620920658,-0.5489596715254058,-0.3930913677144121,-1.1617087329758444,1.9111840588216245,1.497131943972407,3.0335783398711413,3.624204485531008,1.6773359253807942
3d9be93dae995e1dbb90fdb0,AD2,fruit_jelly,evaluation,43.61786651611328,-0.0034467875957489,0.0047919750213623,0.0070405602455139,0.0070405602455139,3,0,0.0057190960505977,0.0333748459815979,7,0.1501945204693561,0.0347034870871846,1.0709891046229358,2.1583592037811723,1.972637304304578,1.154276862125264,1.061415912386967,0.3510109888005377,-1.0342530174494762
3fad6ce1a1f4f74fd0d23468,AD2,fruit_jelly,evaluation,48.83188629150391,-0.001677930355072,0.0054152756929397,0.0032083243131637,0.0032083243131637,3,0,0.0057190960505977,0.0351635157130658,7,2.0931932639955844,1.401042504722788,1.3241160300228274,0.3538536481687351,0.1760746905078825,1.2235234560821595,1.1346339772517335,1.9192593024128997,0.24542305270656128
3fdf16088d0b7dd2ffdcdfd6,AD2,fruit_jelly,evaluation,54.70307540893555,-0.0040036439895629,-0.0004611015319824,-0.0006637573242187,0.0049785077571868,3,0,0.0057190960505977,0.0330395521596074,7,4.281085441163228,-0.3954355883516515,-1.0623234000358637,-1.469414268991226,1.0059414970495968,1.4058355860860008,2.6435134691064124,3.7060354701477825,1.724635260369211
462227ba70e80735ae0750cd,AD2,fruit_jelly,evaluation,45.17545700073242,-0.0029236972332,0.0061805546283721,0.0048589408397674,0.0048589408397674,1,0,0.0057190960505977,0.0317541770637035,3,0.7306289040955032,0.4387602733918383,1.6349013585691043,1.131088334399406,0.9498882014084442,0.9308586192474546,0.8402585527519737,0.7706748471258935,-0.7414553254822467
47a67640b82f2d4c91573a34,AD2,fruit_jelly,evaluation,40.49370956420898,-0.0044397562742233,0.0004527121782302,0.0020397007465362,0.0021313279867172,2,0,0.0057225667405873,0.0311619490385055,5,-1.0140191368664582,-0.7323068840666213,-0.6912170216823686,-0.1964224192824963,-0.3288241125529275,-0.6052207780744773,-0.6714216247096929,-0.932259465108062,-2.4307850653344865
4816325ae3ab743965644cd4,AD2,fruit_jelly,evaluation,40.15201950073242,-0.0038133859634399,0.0004041641950607,0.0020223259925842,0.0026601254940032,2,0,0.0057225667405873,0.0311943432316184,5,-1.1413495637942348,-0.2484723634331859,-0.7109327099118947,-0.2046037631734512,-0.0809224048737675,-0.672976663483843,-0.6111359843340012,-1.0476749837321566,-2.5378198523647924
4d64cbfb7202a6ad8ad59f0b,AD2,fruit_jelly,evaluation,47.79284286499024,-0.0040187239646911,0.0029416978359222,0.0033901929855346,0.0033901929855346,1,0,0.0057225667405873,0.0319910193793475,3,1.7059948721302598,-0.4070839893241991,0.3195781139967072,0.4394911286053597,0.2613352180876764,1.0727430003678098,0.983665045108968,1.57934449777777,-0.05980246221363417
4f6ea3c33d881eafef698ca1,AD2,fruit_jelly,evaluation,52.48923110961914,-0.0023654103279113,0.0038470476865768,0.0018597245216369,0.00266794860363,2,0,0.0057225667405873,0.0312988040968775,5,3.4560987941549284,0.8700043354841968,0.6872472575698552,-0.2811687927944628,-0.0772549098324409,1.5874650006802329,1.6894219421612438,3.082372035459989,1.258649622332923
504f0bbac8d01ee1fd48d495,AD2,fruit_jelly,evaluation,44.25642776489258,-0.0043539255857467,0.0056893825531005,0.006314605474472,0.006314605474472,2,0,0.0056570437736809,0.0317512420006096,5,0.3881536685912599,-0.6660076848552834,1.4354328148546665,1.8165249742103835,1.6323077358791456,1.1023393214008217,1.0102307022352028,0.5309907991531723,-0.8996785594615071
5a89062acc01ea32db389009,AD2,fruit_jelly,evaluation,45.13853454589844,0.0012397468090057,0.0027905702590942,0.0049686729907989,0.0049686729907989,2,0,0.0056570437736809,0.0324340742081403,5,0.7168697918479934,3.654777887357923,0.2582041084645238,1.1827585028496563,1.001330931854786,0.9498141473488249,0.8591003618513897,0.7634586629481598,-0.7433889050423725
65205fef639f7ba85a132dec,AD2,fruit_jelly,evaluation,57.19341659545898,-0.0025405883789062,0.0042176842689514,0.0032508373260498,0.0032508373260498,2,0,0.0056570437736809,0.031586717814207,5,5.209108349554316,0.7346895115382787,0.8377654630127656,0.3738719793187302,0.1960049064181776,2.791490164436523,2.7025566279862465,4.7255847125307575,2.8316557481699896
685b153e654422da48f36abc,AD2,fruit_jelly,evaluation,48.40788650512695,-0.0033950209617614,0.0038049668073654,0.00266033411026,0.00266033411026,1,0,0.0056570437736809,0.0294914878904819,3,1.9351902092173563,0.0746901916115228,0.670157907183059,0.0958185524655915,-0.0808246050059988,1.015504380841474,0.9271828021056788,1.7512530435421798,0.0671713450672018
6b7a16128973ce175d8db9f4,AD2,fruit_jelly,evaluation,57.49017333984375,-0.00156170129776,0.0023537278175354,0.004061222076416,0.004061222076416,2,0,0.005713838734664,0.0415437603369355,5,5.319694424466036,1.4908226703214744,0.0807992232168914,0.7554622075911915,0.5759154784705753,3.037578316028614,2.9478049514683056,4.863271202778552,2.9932526886478885
72814a99e7588eec76e47f65,AD2,fruit_jelly,evaluation,49.86256790161133,-0.005055159330368,0.005569964647293,0.0029992461204528,0.0029992461204528,2,0,0.005713838734664,0.032714117784053,5,2.4772756341596445,-1.2076698403563857,1.3869363368094174,0.2554038744689171,0.0780582658891124,1.3663397543142808,1.2776669500243785,2.255088458190572,0.5457176101411194
737042a269e78379e9a8585f,AD2,fruit_jelly,evaluation,48.8110580444336,-0.0003769695758819,0.0040614455938339,0.0033313333988189,0.0033313333988189,3,0,0.005713838734664,0.0335098942741751,7,2.085431640597361,2.4059588044354725,0.7743158033790697,0.4117755982715074,0.2337416839672187,1.2486036194344343,1.15958666228229,1.9180660363647757,0.2496062312148548
740f474dec0fd87a959b7d0b,AD2,fruit_jelly,evaluation,43.6430892944336,-0.0012155473232269,0.001126542687416,0.0048121064901351,0.0048121064901351,2,0,0.005713838734664,0.0312964119948446,5,0.1595937611120397,1.758206419918589,-0.4175695625850177,1.1090351921616093,0.9279321310943686,0.6343144766368245,0.5437629461032042,0.2545379042169967,-1.2187883509001187
74c84e5186547912a5e06e7d,AD2,fruit_jelly,evaluation,54.06738662719727,-0.001181423664093,0.001286894083023,0.0013752579689025,0.0028649419546127,2,0,0.0058998379390686,0.0328736519441008,5,4.04419671472976,1.784564955716152,-0.3524496973186181,-0.5092921655069198,0.0150961081605845,1.7674522746114203,2.029646411445172,3.5888478267060924,1.704271101324553
74f7b5b0ce872cba4c8a021c,AD2,fruit_jelly,evaluation,49.98688125610352,-0.0042251646518707,0.0045666098594665,0.0029351115226745,0.0029351115226745,2,0,0.0058998379390686,0.0309031018987298,5,2.5236008691965126,-0.5665473757606357,0.9794666771265108,0.225204471289955,0.0479917922550745,1.374402670243234,1.2857963307257936,2.293761229405857,0.5785782428671284
7f34b7be601669ce3d720080,AD2,fruit_jelly,evaluation,47.39839553833008,-0.0041140168905258,0.0032977759838104,0.0054563581943511,0.0054563581943511,1,0,0.0058998379390686,0.0316273220814764,3,1.5590045090124778,-0.4806922148374813,0.4641840335586333,1.4123974589930277,1.2299590798786697,1.4857009840027526,1.3944817944455736,1.5443438040105328,-0.0033130072855158677
7fe729955c23bc47b609aa72,AD2,fruit_jelly,evaluation,47.99161148071289,-0.0023622512817382,0.003850907087326,0.0044970363378524,0.0044970363378524,3,0,0.0058998379390686,0.0332204019650816,7,1.7800657785016565,0.8724445143440586,0.688814588217936,0.9606764140909833,0.7802263879442528,1.3703710962963198,1.2801460832229543,1.6981268420605893,0.09711534143073863
82fc1877033da718e347e768,AD2,fruit_jelly,evaluation,42.60037612915039,-0.0004874169826507,0.0030466020107269,0.0036534667015075,0.0038187801837921,2,0,0.0057173500536009,0.0324162719771266,5,-0.228972154875829,2.3206446265614384,0.3621804605700232,0.5634602399821956,0.4622580607136521,0.1672440425531833,0.1166429529189115,-0.14972891539002656,-1.6408392942475625
88cca7bb1d9bbdafc4816feb,AD2,fruit_jelly,evaluation,43.52639389038086,-0.0039595365524291,0.0049606561660766,0.0045965015888214,0.0045965015888214,3,0,0.0057173500536009,0.0338471331633627,7,0.1161073469407851,-0.361365166534714,1.1394917414425292,1.0075121520602146,0.826855967755406,0.5618097495004999,0.4714816573480956,0.20524782745272807,-1.2734388764028193
8a2406dc009144510029bc68,AD2,fruit_jelly,evaluation,54.24321365356445,-0.003871202468872,0.0070730000734329,0.010562315583229,0.010562315583229,2,0,0.0057173500536009,0.0316556259058415,5,4.109718463021136,-0.2931322406797121,1.99732992939616,3.816667091030028,3.623645772042069,3.963192777025582,3.866682117531602,4.080413325822025,2.551462387101683
8cb21fd0689cfa7211757fef,AD2,fruit_jelly,evaluation,40.96475982666016,-0.0043770670890808,-0.0001490414142608,0.0014156699180603,0.0028625577688217,2,0,0.0057173500536009,0.0323997158557176,5,-0.8384827738476281,-0.6838831460315348,-0.935593521919616,-0.4902631735409939,0.013978395386085,-0.664372973694311,-0.4122521892307715,-0.8036608138169647,-2.3391519785810972
9bd6b355820cf2b140b69523,AD2,fruit_jelly,evaluation,41.7304573059082,-0.0033364593982696,0.005474179983139,0.0052974224090576,0.0052974224090576,3,0,0.0056964724790304,0.0337641509249806,7,-0.5531464490561296,0.1199255827400919,1.3480374896825316,1.3375585105016683,1.155449552048593,0.3922060307227694,0.3011515514962317,-0.3640759531003499,-1.767643783746729
9c411be7d32772629a6ad300,AD2,fruit_jelly,evaluation,43.80065155029297,-0.0037092268466949,0.0057632625102996,0.004944235086441,0.004944235086441,3,0,0.0056964724790304,0.0343811148777604,7,0.218309162731127,-0.1680155227235935,1.4654360015464991,1.1712512953186391,0.9898743759161656,0.694780229024883,0.6040917693236463,0.3136033759898782,-1.1587199702482023
9cf2728b7223015af150ce9c,AD2,fruit_jelly,evaluation,44.01758575439453,-0.0016598999500274,0.0001918077468872,-0.0001005828380584,0.0019177943468093,2,0,0.0056964724790304,0.0303678032942116,5,0.2991494556633915,1.414969940668225,-0.7971722043744411,-1.2042292681209443,-0.4289292629190436,-0.4525399062287764,-0.064889903627826,0.14881158328495792,-1.5271078732734602
a4ad101a7d9fbc2b9700f2b9,AD2,fruit_jelly,evaluation,40.78881072998047,-0.0029316395521163,0.0036738514900207,0.0045612454414367,0.0045612454414367,3,0,0.0056964724790304,0.0348034328781068,7,-0.9040500115069052,0.4326252954092613,0.6169110254360978,0.990910900219735,0.8103277901024939,0.0434304443564149,-0.0468611107022056,-0.7145539203342413,-2.1220185769645052
a4d00dd1084346d51bcc001d,AD2,fruit_jelly,evaluation,57.12078475952149,-0.0027796030044555,0.0032697021961212,0.0037270486354827,0.0037270486354827,2,0,0.0056885599624365,0.0312057342380285,5,5.182042175652819,0.5500646581789281,0.4527830646745243,0.59810816119449,0.4192540617147819,2.8900751684236545,2.800648118683801,4.723648774206986,2.8503216978106067
b69a88540beaeae4e52c8d37,AD2,fruit_jelly,evaluation,44.73936462402344,-0.0037569105625152,0.0002776682376861,0.0027643740177154,0.0027643740177154,1,0,0.0056885599624365,0.0297987163066864,3,0.5681195588095155,-0.2048484111743368,-0.7623036360569061,0.1448083835519096,-0.0320504138087746,0.3564639711807126,0.2680345725003704,0.5257884412837549,-1.0569185852964305
ba82ac5cdedabbe8028e8525,AD2,fruit_jelly,evaluation,43.920501708984375,-0.004052996635437,0.0024285167455673,0.0021523833274841,0.0021523833274841,1,0,0.0056885599624365,0.0297912126407027,3,0.2629711927540905,-0.4335576278981708,0.1111715495594301,-0.1433629660205745,-0.3189533116131284,0.0598041133667579,-0.0279910594295189,0.22233777687662398,-1.3626522619126282
bb22f06945a158e1444b7229,AD2,fruit_jelly,evaluation,49.084354400634766,-0.0048503577709198,0.0001683235168457,0.0041639506816864,0.0041639506816864,3,0,0.0056885599624365,0.0381408319808542,7,2.187275227615477,-1.0494725844604431,-0.8067093205959676,0.8038345787612111,0.6240749276418248,1.4955549031883442,1.405675077628651,2.0489311627300504,0.40587590499330806
bde87b0edf0fa7b55b0b3499,AD2,fruit_jelly,evaluation,53.4355583190918,-0.0043705701828002,0.0007444322109222,0.0003179609775543,0.0071611404418945,3,0,0.0057290480472147,0.0335055743344128,7,3.808746589556184,-0.678864664980121,-0.5727473996843846,-1.0071472893824018,2.029165627874893,1.400799650086891,2.9189561087155385,3.3271572016623256,1.4178734503571198
c0772b36645a2af347a4bb19,AD2,fruit_jelly,evaluation,46.76910400390625,-0.0016165077686309,0.0075553059577941,0.0031879544258117,0.0031879544258117,2,0,0.0057290480472147,0.0320611423812806,5,1.3244997097656075,1.4484878691584016,2.1931978486487904,0.3442619696962349,0.1665252319907519,0.8343808397309211,0.7455124708781797,1.2264759357586703,-0.39345117289610076
c1fa0543859f82e1e4b6eea8,AD2,fruit_jelly,evaluation,44.888580322265625,-0.0032690167427062,0.0061667710542678,0.0055168271064758,0.0055168271064758,1,0,0.0057290480472147,0.0312228361144661,3,0.6237246248983257,0.1720210993426119,1.629303749111673,1.4408707810423371,1.2583070701219143,1.0322977029703315,0.94101584751012,0.7054392405127269,-0.7732822097178222
c3b182e14e5339623326e570,AD2,fruit_jelly,evaluation,45.96343231201172,-0.004453107714653,0.0052083432674407,0.0065720379352569,0.0065720379352569,1,0,0.0057290480472147,0.0299591738730669,3,1.024267038529057,-0.7426200928328294,1.240079270525151,1.937743582323708,1.7529927727057346,1.4810053104263825,1.388629905617396,1.1156146929085222,-0.35023117701997686
c40681b5fe86508714e7bcbc,AD2,fruit_jelly,evaluation,49.14029693603516,-0.0007499456405639,0.0039169788360595,0.0046720206737518,0.0046720206737518,3,0,0.0057276107836514,0.0341714778915047,7,2.208122151999167,2.117856555084815,0.7156468047955046,1.0430722299670407,0.8622595198876793,1.625597190983104,1.5351908359434232,2.0916171597959545,0.4670032130751729
c4882dbb619582164409c98e,AD2,fruit_jelly,evaluation,53.96010208129883,-0.0013527870178222,0.0009105205535888,0.0062214136123657,0.0062214136123657,1,0,0.0057276107836514,0.0295651820488274,3,4.004217246515176,1.6521967628462937,-0.5052977185897567,1.7726432206134437,1.5886191378058945,2.8884302335643097,2.796418192160535,3.7810598439250027,2.0893802187764683
c7777a8f93806e060e688b04,AD2,fruit_jelly,evaluation,45.110050201416016,-0.002113252878189,0.006022036075592,0.0063929855823516,0.0063929855823516,1,0,0.0057276107836514,0.0309428828768432,3,0.7062551321566868,1.0647812537227834,1.570525824073801,1.8534322373891337,1.6690525433408183,1.2798436847729102,1.1876538377487529,0.8209728426799314,-0.6292619909540318
c939151b482f62d77aad7e7a,AD2,fruit_jelly,evaluation,48.68044662475586,-0.0044729113578796,-0.0013125538825988,0.004315435886383,0.004315435886383,3,0,0.0057276107836514,0.0338449566625058,7,2.036759438485316,-0.7579172518175287,-1.4081043777630338,0.8751652322736015,0.69509160305159,1.4559623353794586,1.3659255207684529,1.9206000178641447,0.2941977794806969
cae0061eb2f26601142fe131,AD2,fruit_jelly,evaluation,49.9604721069336,-0.0048618614673614,0.0048286914825439,0.0035272538661956,0.0035272538661956,2,0,0.0057048187591135,0.031082103960216,5,2.5137595287595347,-1.058358518799185,1.0858999259235964,0.5040297230384668,0.3255897312117194,1.5088946258990008,1.419674629985627,2.312786548187428,0.6215260258039846
cce443f9e4505a83f5ee9baf,AD2,fruit_jelly,evaluation,47.09369659423828,-0.0020668804645538,0.0063554346561431,0.0043018758296966,0.0043018758296966,2,0,0.0057048187591135,0.0320379631593823,5,1.4454587821016558,1.1006012377411314,1.705921406777121,0.8687801354118786,0.6887346116466239,1.1571194587567672,1.0670966968741398,1.3877909174326781,-0.1970601866637267
cd8e6887b273724f4051ed54,AD2,fruit_jelly,evaluation,52.22257614135742,-0.0035594999790191,0.0024260282516479,-0.000310868024826,0.0087009519338607,3,0,0.0057048187591135,0.0340024619363248,7,3.3567301130592124,-0.0523602529882597,0.1101609541222506,-1.3032473856073552,2.751033437580588,1.0267413637259286,3.0538817753199003,2.890732363192556,0.9889578675561408
d424924b5beb1d00a652cf59,AD2,fruit_jelly,evaluation,46.93632888793945,-0.003664419054985,0.0032708942890167,0.0035073161125183,0.0035073161125183,1,0,0.0057048187591135,0.0323419193737208,3,1.386815879162662,-0.1334041178575357,0.4532671822492211,0.4946415256747468,0.3162428581349669,0.9407287024187044,0.8515293686488145,1.2975984438138704,-0.3142393000254311
d898704e597648a563dc532a,AD2,fruit_jelly,evaluation,55.21429443359375,-0.0038051903247833,0.0081641972064971,0.0091457515954971,0.0091457515954971,1,0,0.0058984856586903,0.0307766580954194,3,4.471590649307203,-0.2421417107307144,2.4404730028645347,3.149641983268678,2.9595567270731604,3.81061631628794,3.715573688190181,4.33939578270335,2.729136957966721
d9ba0df9a8c5d1843ec18e17,AD2,fruit_jelly,evaluation,58.34239196777344,-0.0015394985675811,0.0044149756431579,0.0046029984951019,0.0046029984951019,1,0,0.0058984856586903,0.0301138060167431,3,5.637272760300593,1.5079729840063518,0.9178869216250816,1.0105713852818752,0.8299017350659172,3.3239220727912344,3.2335872476832552,5.174602622798721,3.3032288847127598
da02b3d3718f7850da0608d2,AD2,fruit_jelly,evaluation,54.3576774597168,-0.0042439997196197,0.0077995061874389,0.0108545422554016,0.0108545422554016,1,0,0.0058984856586903,0.029975445009768,3,4.152373274685438,-0.5810963666986793,2.2923693338254245,3.954269436695136,3.760642429671511,4.053321355690287,3.9565078521784742,4.132562890886407,2.6120364632555306
e0b2a2cfc9d97a2b650e2059,AD2,fruit_jelly,evaluation,55.32770919799805,-0.000369369983673,0.0029757022857666,0.0064359307289123,0.0064359307289123,1,0,0.0058984856586903,0.0295442701317369,3,4.5138545367161,2.41182904603231,0.3333875678149327,1.8736540496479088,1.6891853446914915,3.1937542931820047,3.101519940703796,4.249834488009282,2.530296653467318
e0bd0ae3a3efadd07b09d7e8,AD2,fruit_jelly,evaluation,44.43193435668945,-0.0014651119709014,0.004317969083786,0.0042936205863952,0.0042936205863952,1,0,0.005713490769267,0.0306158820167183,3,0.4535560072918934,1.5654322899895114,0.8784918539841315,0.8648929445751814,0.6848645311649192,0.6592244759335374,0.5692102692284062,0.4946897010202222,-1.0198913421727949
e1b6940cf29d41e0f32f7835,AD2,fruit_jelly,evaluation,54.26372528076172,-0.0011824965476989,0.0022327601909637,0.0058527290821075,0.0058527290821075,1,0,0.005713490769267,0.0297675216570496,3,4.117362098371364,1.7837362157260104,0.0316733923245363,1.5990387518741591,1.41577882863922,2.858200425122762,2.766570463505292,3.8655297637216437,2.1513389028983383
e1eca7db78a580e9495a7fb3,AD2,fruit_jelly,evaluation,45.113094329833984,-0.0038739740848541,0.0009738802909851,0.0009136795997619,0.0009136795997619,1,0,0.005713490769267,0.02971604000777,3,0.7073895232687348,-0.2952731523209115,-0.4795668694946232,-0.7266380560439851,-0.8996609836043705,-0.0096242663876251,-0.0961357301678178,0.5639867653374628,-1.1012108272806942
e39c6c50244d0c1e4330784d,AD2,fruit_jelly,evaluation,54.40677261352539,-0.0041545331478118,0.0077684223651885,0.0092976987361907,0.0092976987361907,1,0,0.005713490769267,0.0298655009828507,3,4.170668529838393,-0.5119886597429723,2.279745968065206,3.2211901510697643,3.030789959332985,3.695929340454079,3.600729244585689,4.07572069196153,2.4928374339634285
e41384eb3ddb3c885bbfd653,AD2,fruit_jelly,evaluation,52.644901275634766,-0.0015929043292999,0.0033192038536071,0.0018469989299774,0.0041952580213546,2,0,0.0056349182268604,0.0312772118486464,5,3.5141091105715394,1.4667201489415194,0.4728860469638078,-0.2871609606185413,0.638751893511972,1.613474074976499,2.076430502041756,3.1339821034525315,1.30563203133443
f416c39bc181e7aafe493e8f,AD2,fruit_jelly,evaluation,47.84410858154297,-0.0017885416746139,0.007233589887619,0.0028604567050933,0.0028604567050933,2,0,0.0056349182268604,0.0319802141748368,5,1.7250989851062164,1.3156017137947045,2.0625466181774987,0.1900513556006892,0.0129934110035572,0.9575751703534529,0.8690461980548868,1.5715942221556636,-0.08968705481502814
f445ecde4c91beb32b095fa4,AD2,fruit_jelly,evaluation,49.05646514892578,-0.0053935348987579,0.0003347992897033,0.0035824179649353,0.0035824179649353,3,0,0.0056349182268604,0.0340487859211862,7,2.1768823285926917,-1.4690452250249726,-0.7391023012895632,0.5300051390627507,0.3514508105317028,1.353443733827721,1.264166569562197,2.012194609639698,0.3470730382238776
f61245881493a86050d89403,AD2,fruit_jelly,evaluation,48.78340148925781,-0.0025224089622497,0.0042548775672912,0.0003024786710739,0.0003024786710739,1,0,0.0056349182268604,0.0294007989577949,3,2.0751254556821377,0.7487320502601246,0.8528699313433049,-1.0144375263486989,-1.1861936390521712,0.5303439646667195,0.4444659083149832,1.7661691574790541,-0.020339796530153054
fa0648b32f0a073b29d54036,AD2,fruit_jelly,evaluation,57.34693145751953,-0.0021323561668395,0.0054174959659576,0.0064329504966735,0.0064329504966735,1,0,0.0082846181467175,0.0307408971711993,3,5.266315494318913,1.0500250777872044,1.3250176990057,1.8722507316563213,1.6877882037233671,3.569283112987617,3.4770518490211404,4.926909018052655,3.153701595787825
0141be9941039062f4ca31e3,AD2,rice,evaluation,30.206470489501957,-0.0049602091312408,-0.005008041858673,-0.0035780072212219,-0.0034526884555816,3,0,0.0063376734033226,0.0458245817571878,7,1.400088200855074,1.7798008836568069,-0.2594703199893088,-0.2451468340116474,-0.4759427682104171,0.5774706834217134,0.4620727163223285,1.2355646973684018,-0.4388311617212779
0167f75c00c0a8c10122be46,AD2,rice,evaluation,30.491500854492188,-0.0087560415267944,-0.0030940473079681,-0.0024610459804534,-0.0024610459804534,3,0,0.0063787322724238,0.0464353538118302,7,1.6925922349436873,-1.2374744943375564,0.8565944017757022,0.1655571216417669,-0.0091192901584946,0.9290746782927272,0.8417364723925963,1.5398887236134953,-0.12111905564957759
04e581e9354c06f721d96231,AD2,rice,evaluation,30.191465377807617,-0.0061693489551544,-0.0016941130161285,0.0017751455307006,0.0017751455307006,3,0,0.0063787322724238,0.0472019221633672,7,1.3846896460284897,0.8186657651725266,1.6729066923910525,1.723194528414714,1.9851011113782735,1.553942087221602,1.6848953787033816,1.4185401342671122,-0.09082583432987379
065eff3082b0857a74aa540a,AD2,rice,evaluation,30.155590057373047,-0.0083779990673065,-0.0052220225334167,-0.0027239024639129,-0.0027239024639129,3,0,0.0063787322724238,0.0460265721194446,7,1.347873652926516,-0.9369717097084256,-0.3842440724186998,0.0689054263227052,-0.132861042770683,0.7083895396246107,0.6075063050779166,1.219976830266135,-0.4245469665123125
06d5179ba8c8d62a0239ce25,AD2,rice,evaluation,28.86674118041992,-0.0084913372993469,-0.0055494606494903,-0.0034262835979461,-0.0031655132770538,3,0,0.0063787322724238,0.0465996190905571,7,0.025230376473201,-1.0270633210560476,-0.5751757183715854,-0.1893584234822434,-0.3407527990300263,-0.0820640235045211,-0.1577612112784126,0.0037714964776565593,-1.5681292548859536
0a2310f786921a0286f23c92,AD2,rice,evaluation,28.853734970092773,-0.0094299912452697,-0.0055370032787323,-0.0010570287704467,-0.0010570287704467,3,0,0.0063392027514055,0.0475873798131942,7,0.0118831354203881,-1.773191480668117,-0.5679117311131613,0.6818108651991727,0.6518328308520278,0.3468470003097804,0.331857983136208,0.07887590839826655,-1.419519290730587
0a24a8dc4bd5127b6e1e02cc,AD2,rice,evaluation,29.677570343017575,-0.0068482458591461,-0.0040260404348373,-0.0031961500644683,-0.0031961500644683,3,0,0.0063392027514055,0.0471521378494799,7,0.8573199716453943,0.2790163025117778,0.3131421492898901,-0.1047388779886158,-0.3551753071576147,0.3762905468283892,0.2510723322438898,0.7611140866819933,-0.862958986289617
0fa537123ef135e9432f5e50,AD2,rice,evaluation,30.38554954528809,-0.0048000812530517,-0.0011436343193054,0.0012246966361999,0.0012246966361999,2,0,0.0063392027514055,0.0452935160137712,5,1.5838628181314416,1.907085192826087,1.9938949905976373,1.520795796833867,1.7259729741053575,1.5523293074826543,1.6549178961183997,1.5775561160016842,0.03715812879387803
12fdce8aec72b963eaf48638,AD2,rice,evaluation,33.4638557434082,-0.0030076205730438,-0.0034331679344177,-0.0024080872535705,-0.0024080872535705,3,0,0.0063392027514055,0.0450871917419135,7,4.742884072379094,3.331897174025856,0.6588505955230504,0.185029917852875,0.0158114461671129,2.4639569951159843,2.379347759273104,4.287098656926472,2.410623140234022
141b6ed2c1d4d5f77f1f1e36,AD2,rice,evaluation,31.09982681274414,-0.0078198611736297,-0.0067026615142822,-0.0041403174400329,-0.0039837956428527,3,0,0.0063939815154299,0.0460643577389419,7,2.316868868893246,-0.4933125728905809,-1.2476158785742717,-0.4519069459481618,-0.7259656450020056,0.9324809614725422,0.7954516119456203,2.0399912874091055,0.2831279826679165
17271b03125a0d703cdb5b42,AD2,rice,evaluation,35.43667984008789,-0.0054402351379394,-0.001998096704483,-0.001146525144577,-0.001146525144577,1,0,0.0063939815154299,0.0428060041740536,3,6.767436813788957,1.3982322315463291,1.4956515009175442,0.648903264173873,0.6097017103197827,3.708170038981415,3.68856926205437,6.155583458827449,4.173654195184725
183c91571974abd5089cb0fb,AD2,rice,evaluation,30.2600154876709,-0.0038641393184661,-0.0050604045391082,-0.0043753683567047,-0.0019785463809967,3,0,0.0063939815154299,0.0456775249913334,7,1.455037181361837,2.651057597341487,-0.290003395618618,-0.5383346013882344,0.2180211831738557,0.4583512899868013,0.8365291822678463,1.25570000308683,-0.44702482178837344
1843a2a2e0e68649114f8bb6,AD2,rice,evaluation,34.13322448730469,-0.0032905638217926,-0.001851201057434,-0.000220388174057,-0.000220388174057,3,0,0.0063939815154299,0.0475497581064701,7,5.4298040708475295,3.1069879554788344,1.5813074655031247,0.9894415956631204,1.0456879579588263,3.209622833255325,3.2377460144031778,4.9857678233290885,3.127399848294831
18f21646df724ca9891ceb71,AD2,rice,evaluation,28.234390258789062,-0.0082881152629852,-0.0062489956617355,-0.0032688081264495,-0.0032688081264495,3,0,0.0063248740043491,0.0443764477968215,7,-0.6237011699710387,-0.8655238265045267,-0.983079883260009,-0.1314550722276037,-0.3893796600905529,-0.3775781210993212,-0.5065404150307958,-0.5744765601966954,-2.0953702967300694
195449961a2870432a9a9071,AD2,rice,evaluation,32.188140869140625,-0.0062671899795532,-0.0032026171684265,0.0009047389030456,0.0009047389030456,3,0,0.0063248740043491,0.0464593539945781,7,3.433719180130159,0.7408927543773011,0.7932864936837424,1.4031481096518437,1.5753503600413603,2.4184336448910013,2.50453477008576,3.230662073082328,1.548811320129859
1bbc7efc9bfd136dc0556769,AD2,rice,evaluation,30.842010498046875,-0.0054497718811035,-0.0019727051258087,-0.0002745985984802,-0.0002745985984802,3,0,0.0063248740043491,0.04668840020895,7,2.0522924540070866,1.390651554283316,1.5104575227935666,0.9695085532838263,1.0201679751922086,1.5109005036454566,1.5362302145996476,1.9440140639347607,0.32436375478188983
1d3ceee7010c7c92f062ffc0,AD2,rice,evaluation,29.259906768798828,-0.0069051682949066,-0.0054738819599151,-0.0044092535972595,-0.0017049312591552,3,0,0.0063248740043491,0.0461116689257323,7,0.4287050051135337,0.2337691350981681,-0.5311052119424858,-0.5507941226555556,0.3468276492433004,-0.0610445587710109,0.3877663271784171,0.33075509233662476,-1.2999632775652574
1d6008652811d3ec0a35e30c,AD2,rice,evaluation,30.596887588500977,-0.0084902644157409,-0.0056072771549224,-0.002472698688507,-0.0022277534008026,3,0,0.0063360506901517,0.0477741630747914,7,1.8007422730564708,-1.0262104948639583,-0.6088889606714488,0.1612724489807972,0.1007050227041143,0.981007361018634,0.9507236478802926,1.6367952906489036,-0.032266386656399026
1e6d3947b981d3e9adcfc26e,AD2,rice,evaluation,28.615209579467773,-0.0066799819469451,-0.0039042830467224,-0.0039422214031219,-0.0001283586025238,3,0,0.0063360506901517,0.0474578407593071,7,-0.232896535660499,0.4127678769710661,0.3841398046590095,-0.3790675107116761,1.0890116010502595,-0.3059820231860876,0.4280575326948802,-0.24751363316561673,-1.8168434549944519
1f0ba0b2634a160c2a9f22ff,AD2,rice,evaluation,30.132837295532227,-0.0021923184394836,-0.0044900774955749,-0.003509372472763,-0.003509372472763,3,0,0.0063360506901517,0.0448500639759004,7,1.324524299866096,3.97997401116414,0.0425586239135903,-0.2199100024561146,-0.502627214181889,0.5523071487049906,0.4109485428421034,1.170080869633875,-0.49683524201410534
1fa05fa0f8bff11f88b54ae5,AD2,rice,evaluation,30.14906311035156,-0.0054991543292999,-0.0032653361558914,-0.0034680962562561,-0.0021776854991912,3,0,0.0063360506901517,0.0449581597931683,7,1.34117556539422,1.351397859830776,0.75671457697237,-0.204732837148076,0.1242748803445311,0.568221364123072,0.7327252228693757,1.1865847251399904,-0.48025242319664496
225652216abdac3e1795ccbc,AD2,rice,evaluation,29.66413116455078,-0.0095032453536987,-0.0060936212539672,-0.0019266009330749,-0.0011382400989532,3,0,0.0063603705493733,0.0462018731050193,7,0.843528409765629,-1.831420557894637,-0.8924798890691134,0.3620712772150928,0.613601960572185,0.602799843490361,0.728565185168907,0.7953826965105754,-0.7888303886373516
225880f1421e161edae68930,AD2,rice,evaluation,29.037673950195312,-0.0068818926811218,-0.0020807087421417,0.0039713680744171,0.0039713680744171,2,0,0.0063603705493733,0.047264200169593,5,0.2006451071772612,0.2522707255432095,1.447479795940626,2.5307402634654643,3.018990110839725,1.365692685321363,1.6098176090084932,0.4336546228060816,-0.9241860739898291
23e3d64ad734854b07286245,AD2,rice,evaluation,28.82425880432129,-0.0078487396240234,-0.004653126001358,-0.0035828351974487,-0.0025986433029174,3,0,0.0063603705493733,0.0463562393561005,7,-0.0183659133008569,-0.5162678112276426,-0.0525161949640138,-0.2469220692317934,-0.0738943096381401,-0.1326439912663252,-0.0461301114694985,-0.04122152889395055,-1.6148137361600834
24e14d6eec4ff128faf495fe,AD2,rice,evaluation,33.473873138427734,-0.0045676827430725,-0.0041018426418304,0.0012218654155731,0.0012218654155731,3,0,0.0063603705493733,0.0469202068634331,7,4.753164129573605,2.091816821879138,0.2689413081611776,1.519754763834399,1.7246401547745007,3.136459446704002,3.238902142174053,4.4298231929996845,2.663779052546607
2a726e499b4858dd56201d05,AD2,rice,evaluation,29.31548118591309,-0.007142037153244,-0.003176063299179,-0.0038998425006866,-0.0038998425006866,3,0,0.0063768060645088,0.0451868260279297,7,0.4857366171616067,0.0454840635780789,0.8087702559977518,-0.3634848904459499,-0.6864440444228066,0.0611258633578284,-0.1003537136305999,0.40081446640085105,-1.2183627357427178
2b1d3043a8d44914ba3743fd,AD2,rice,evaluation,30.82306289672852,-0.0059664845466613,-0.0023010671138763,0.0014842450618743,0.0014842450618743,3,0,0.0063768060645088,0.0463027879595756,7,2.032848035086623,0.9799209843266844,1.3189871600822811,1.6162311272798655,1.8481574325520185,1.8245395811832443,1.9405027338193208,1.9911863443059472,0.42678240376218457
2d9d279a94d89dc431903564,AD2,rice,evaluation,28.608360290527344,-0.0078105032444,0.0004693269729614,0.0003865659236907,0.0003865659236907,3,0,0.0063768060645088,0.0477842167019844,7,-0.2399254171124202,-0.4858740333262492,2.93442493892403,1.2126171542649358,1.3314163631402132,0.4863458685762577,0.5457454730138964,-0.09467115997468459,-1.53093674173257
325fc47b94a79b6f4750e846,AD2,rice,evaluation,29.022998809814453,-0.0052044987678527,0.0004138052463531,0.0038914680480957,0.0038914680480957,3,0,0.0063768060645088,0.053148572333157,7,0.1855851757121868,1.5856170976414354,2.9020497995401926,2.501361216396257,2.9813765463552264,1.343473196054222,1.5834808610337066,0.41716277978059385,-0.9420529442212753
379d443e5e4300772efaf146,AD2,rice,evaluation,28.89095687866211,-0.00380739569664,-0.0051053464412689,-0.0015271306037902,-0.0015271306037902,3,0,0.0063385517569258,0.0462875519879162,7,0.0500810250149979,2.6961626270564154,-0.3162093592207798,0.5089555543190275,0.430528703221114,0.2795182896670127,0.2403048641180559,0.09596847794540087,-1.4195415811594279
3863bcb2d601125009f0fe60,AD2,rice,evaluation,35.681060791015625,-0.003844141960144,0.0012117028236389,0.0015308558940887,0.0015308558940887,1,0,0.0063385517569258,0.0435904418118298,3,7.018225581516294,2.666953329977368,3.3673099212382542,1.6333698179237448,1.870099847641073,4.325797699720019,4.444162714578684,6.47974000515704,4.561953711911189
3adba6685899e8b08d7ad04b,AD2,rice,evaluation,28.467987060546875,-0.0082291066646575,-0.0037944912910461,-0.003843754529953,-0.0023238062858581,3,0,0.0063385517569258,0.0447662589140236,7,-0.3839793183476187,-0.8186183859396329,0.448160209108853,-0.3428614788143768,0.0554873731951479,-0.3634203985809978,-0.1642459725762353,-0.37986753439429455,-1.9354293498426105
3c0e40af591e538e978c4045,AD2,rice,evaluation,35.80940628051758,-0.0040054619312286,-0.0011434257030487,0.0004787147045135,0.0004787147045135,1,0,0.0063385517569258,0.0423993109725415,3,7.149936367620382,2.538721436150211,1.994016636317276,1.2465000388371057,1.3747961249403136,4.198218203228744,4.262366246280348,6.559592734742054,4.600211993387894
3e51672dd82b6a6f5cf614de,AD2,rice,evaluation,29.725101470947266,-0.0049842000007629,-0.0049961507320404,-0.0050521790981292,-0.0047796368598937,3,0,0.0063331120181828,0.0446163080632686,7,0.9060973945866024,1.7607307424170393,-0.2525365139699039,-0.7871962794716688,-1.100614144067298,0.0594505575574667,-0.0972583747403477,0.7367680271807753,-0.9476152340071398
3e89e9de894471f3a8909189,AD2,rice,evaluation,30.7802734375,-0.0069974064826965,-0.004099041223526,-0.0027247369289398,0.0009743571281433,3,0,0.0063331120181828,0.0482336729764938,7,1.9889366102767088,0.1604497721949627,0.2705748363963256,0.0685985955439145,1.6081236859032733,1.0287676029103117,1.798530148089991,1.7969028088034293,0.10672895099285595
3f277fe8eac7bfa8dbee9801,AD2,rice,evaluation,29.457578659057617,-0.0094707608222961,-0.0041948556900024,-0.0024949014186859,-0.0024949014186859,3,0,0.0063331120181828,0.04713522689417,7,0.6315599722627302,-1.8055988759674984,0.2147046951622738,0.1531085586165454,-0.0250570034201098,0.3923342654396378,0.3032514844213101,0.5837148308981118,-1.0028159725560926
4535ea5b20a980d8c2bb4cea,AD2,rice,evaluation,30.61799430847168,-0.0085403621196746,-0.0026436150074005,-0.0044445693492889,-0.0009510815143585,3,0,0.0063331120181828,0.0470965863205492,7,1.8224024240302836,-1.0660327401112246,1.119244888435565,-0.5637796395436608,0.7017083331804098,0.6293113922433113,1.2620553786053466,1.5837842176728893,-0.1472052221114224
4549796f605c3e7a38d7b9d7,AD2,rice,evaluation,28.31207656860352,-0.005993515253067,-0.005100280046463,-0.003634750843048,-0.003634750843048,3,0,0.0063296664739027,0.0458803256042301,7,-0.5439778779808541,0.9584345022093316,-0.3132551060295546,-0.2660113269694131,-0.5616500660230995,-0.4049946024751336,-0.5528139720019768,-0.51618122287971,-2.0539554360922905
4a1343534f88482e2ccb0363,AD2,rice,evaluation,29.09393310546875,-0.0040803551673889,-0.0044402778148651,-0.0021798610687255,-0.0021798610687255,3,0,0.0063296664739027,0.0460857590660452,7,0.2583794116344792,2.479189430019111,0.0715971949873385,0.2689481358521238,0.1232507139113463,0.2636637737433015,0.1908150627729128,0.25943628405624364,-1.2908874881388108
4aff9cd212361fd21d3e08e5,AD2,rice,evaluation,30.84786796569824,-0.004325658082962,-0.0026682615280151,0.0018684566020965,0.0018684566020965,2,0,0.0063296664739027,0.0449504218995571,5,2.058303508014007,2.2842001970445445,1.1048733155582522,1.757504784428771,2.029028030587884,1.907904146221389,2.043665769300945,2.0282236356554835,0.47377405105231163
4b9ceb437bb93b62df091edf,AD2,rice,evaluation,28.69308090209961,-0.0070987343788146,-0.0059776008129119,0.000737190246582,0.000737190246582,3,0,0.0063296664739027,0.0458755893632769,7,-0.1529833797046122,0.079905076275448,-0.8248274909900578,1.3415408725675164,1.4964755150089657,0.5942787464314521,0.6717460676521766,-0.003530954477399345,-1.4352467532664352
4c505d7483306136cfa0c421,AD2,rice,evaluation,31.03550910949707,-0.0075226128101348,-0.0011820793151855,0.0012410879135131,0.0012410879135131,3,0,0.0063854833133518,0.0466714510694146,7,2.2508647164453937,-0.2570323384490397,1.971477422264223,1.526822829988684,1.7336892965471606,1.888843773217039,1.9922770064962767,2.178460527799723,0.5910939208646667
4ef4f5fe1733321f4dfada3d,AD2,rice,evaluation,31.54382705688477,-0.0033762454986572,-0.0032366216182708,-0.0007893443107604,-0.0007893443107604,3,0,0.0063854833133518,0.0471841627731919,7,2.7725110688108288,3.0388803081939506,0.7734582413826372,0.7802377957383804,0.7778473911652564,1.776374432274605,1.7751792299880425,2.573283741503584,0.8866119319304483
50713db27badbda8b7c50ba6,AD2,rice,evaluation,31.03317070007324,-0.0082625448703765,-0.0066554844379425,-0.0065439343452453,-0.0014489293098449,3,0,0.0063854833133518,0.0478235152550041,7,2.2484649925077567,-0.8451981355930727,-1.2201065679759808,-1.3357110877704936,0.4673425761070984,0.4563769523686315,1.3579037843074275,1.8900473844799315,0.06444446365090672
57fde65ed2c46b0e70bfaa99,AD2,rice,evaluation,31.70552062988281,-0.0059867799282073,-0.004714548587799,-0.0025359988212585,-0.0020860433578491,3,0,0.0063854833133518,0.0469393958337605,7,2.938444345392609,0.9637883555263348,-0.0883321704176315,0.1379971427611048,0.1674161376327941,1.538220744076857,1.5529302415127018,2.658399625129458,0.9064291004877532
5be378f910a11ee733595a53,AD2,rice,evaluation,30.91228675842285,-0.0059080123901367,-0.0037420690059661,-0.0004494190216064,-0.0004494190216064,3,0,0.0063284250209107,0.0461123757995665,7,2.12441140056683,1.026400011795534,0.478728040658059,0.9052275051271806,0.9378698889310864,1.5148194528470054,1.5311406447489584,2.002493011022865,0.372356321391623
6536bd83163fb8d8b5bf8411,AD2,rice,evaluation,31.62541961669922,-0.0035983324050903,-0.0036069750785827,-0.0036256611347198,-0.0027642846107482,3,0,0.0063284250209107,0.0458355722948908,7,2.856243035045941,2.862345286431532,0.5575023331040798,-0.2626690631290147,-0.1518712553318525,1.296786985958463,1.3521858898570442,2.5443518252284454,0.7648619549620851
683b7bf0337680066313bcc1,AD2,rice,evaluation,29.791828155517575,-0.0064131915569305,-0.0023756623268127,-0.0026653707027435,-0.0026653707027435,3,0,0.0063284250209107,0.0450117443688213,7,0.9745736933095246,0.6248373234038591,1.275490126331478,0.0904274138064509,-0.1053067568148623,0.5325005535579878,0.4346334682473311,0.8861590653592173,-0.7300044747856949
69a4773c81bbd796b915a8d7,AD2,rice,evaluation,30.26986694335937,-0.0094633102416992,-0.007632702589035,-0.0040735006332397,-0.0040109753608703,3,0,0.0063284250209107,0.0498526329174637,7,1.4651469481953578,-1.7996764718557694,-1.7899298746834644,-0.4273385671607087,-0.7387607105782318,0.5189041905173246,0.363193118808563,1.2758983966597512,-0.41830159906839826
69be256a051cee114a75fb0f,AD2,rice,evaluation,30.21804428100586,-0.004490852355957,-0.0026261806488037,-0.0046666860580444,-0.0037710964679718,3,0,0.0063880507368594,0.0449897609651088,7,1.411965464194049,2.1528886530792883,1.1294109950053692,-0.645451417912478,-0.6258358390617347,0.3832570231407853,0.393064812566157,1.2062237759833963,-0.5023568912074476
6c9098bf8a23f4cce816ed2d,AD2,rice,evaluation,30.30512237548828,-0.0025435984134674,-0.005459725856781,-0.0035544037818908,-0.0035544037818908,3,0,0.0063880507368594,0.0484135136939585,7,1.5013267991442056,3.70074450210434,-0.5228506809670038,-0.2364679062687112,-0.5238260563810974,0.6324294464377472,0.4887503713815541,1.327547328602914,-0.353330862924216
6d026a0260b62c94affb5a3b,AD2,rice,evaluation,34.346710205078125,-0.0055318176746368,-0.0032654702663421,-0.0006845295429229,-0.0006845295429229,2,0,0.0063880507368594,0.04462915007025,5,5.648887513663081,1.3254340402049558,0.7566363761526023,0.8187779332029087,0.8271897657612957,3.233832723432995,3.2380386397121885,5.165876555617064,3.277702612202008
6efc9530ca5b929e2cf13d19,AD2,rice,evaluation,30.9041805267334,-0.0046432018280029,-0.0054178237915039,-0.007040798664093,-0.0007317066192626,3,0,0.0063880507368594,0.0457369242794811,7,2.116092618564417,2.031787333802653,-0.4984172692795771,-1.5184069000561398,0.8049807868060695,0.2988428592541386,1.4605367026852434,1.7526426667023616,-0.07875518306302087
6f055649c77d79b3cc9083ca,AD2,rice,evaluation,30.9580078125,-0.0044218897819519,-0.002637892961502,-0.0018507838249206,-0.0003001391887664,3,0,0.0064085327321663,0.0468239770270884,7,2.171331288420911,2.2077064255374523,1.122581456745655,0.3899490451166453,1.008144541860163,1.280640166768778,1.5897379151405369,1.9931930640904845,0.31680194168253384
710455d7390d989d6c67f3ce,AD2,rice,evaluation,29.257007598876957,-0.0074017643928527,-0.0072755962610244,-0.0028721690177917,-0.0025558471679687,3,0,0.0064085327321663,0.046830509789288,7,0.4257298171973766,-0.1609709437567949,-1.5816984696019634,0.0143881718768625,-0.0537476932264505,0.2200589945371196,0.185991061985463,0.3845956526653252,-1.1988395748996772
73e0a938b086d90a5f450b0e,AD2,rice,evaluation,29.323923110961918,-0.007307082414627,-0.0035138726234436,0.0013488233089447,0.0013488233089447,3,0,0.0064085327321663,0.0490252547897398,7,0.4943998946069433,-0.0857090323049424,0.6117910799828288,1.5664368751789797,1.7844065795055577,1.0304183848929616,1.1394032370562506,0.601603592664147,-0.8574559907588424
764d6c2fe2193e39fc200397,AD2,rice,evaluation,31.242494583129883,-0.0045797526836395,-0.0044515430927276,0.000845581293106,0.000845581293106,2,0,0.0064085327321663,0.0450536827556788,5,2.463277474775245,2.082222527218138,0.0650283261268497,1.3813959990840048,1.5475014508650349,1.922336736929625,2.00538946282014,2.3550893272061213,0.7404933631111023
787513953468b2caa73f4cf5,AD2,rice,evaluation,34.85050201416016,-0.0049300491809844,-0.0043862760066986,-0.0002472102642059,-0.0002472102642059,3,0,0.0063800055067986,0.0467019979842007,7,6.165889049630462,1.8037747755010856,0.1030860584138088,0.9795791777734204,1.0330612485086033,3.5727341137019413,3.5994751490695327,5.647258062444759,3.735681460539969
78ce2de21991925661c6a15c,AD2,rice,evaluation,31.155506134033203,-0.0071757733821868,-0.0020992755889892,-0.0016453564167022,-0.0016453564167022,3,0,0.0063800055067986,0.0468586809001863,7,2.3740081357672325,0.0186674177601698,1.4366533268927832,0.465484207909649,0.374872973899963,1.4197461718384408,1.3744405548335978,2.183155742981474,0.4986310631898593
7a5fd725818571d58aa60a85,AD2,rice,evaluation,29.399702072143555,-0.0054607987403869,-0.0074392855167388,-0.0050494074821472,-0.0050494074821472,3,0,0.0063800055067986,0.0451967809349298,7,0.5721658261259719,1.381886396197957,-1.6771469146184577,-0.7861771629563998,-1.2276107817822106,-0.1070056684152139,-0.3277224778281193,0.4363315272177347,-1.2242009176864541
7bc5b697156a6325c387e8b9,AD2,rice,evaluation,29.38737297058105,-0.0035001933574676,-0.0075680911540985,-0.0031209588050842,-0.0031209588050842,3,0,0.0063800055067986,0.047088345978409,7,0.5595134480404195,2.9403551933912264,-1.7522544575153698,-0.0770912331711563,-0.3197784316654887,0.2412111074346315,0.1198675081874653,0.49585297991926186,-1.10472253340083
80a3db14d7ac65c5827d1432,AD2,rice,evaluation,31.216577529907227,-0.0029547810554504,-0.0058624148368835,-0.0061591565608978,-0.0036430954933166,3,0,0.0063738941680639,0.0479294881224632,7,2.436680860693177,3.373898863986238,-0.7576616757895569,-1.194229224021695,-0.5655783756298357,0.6212258183357411,0.9355512425316708,2.0735898522216902,0.24637495637910134
81a589bb541723472d05947e,AD2,rice,evaluation,29.1770133972168,-0.0068250298500061,-0.0010944604873657,-0.0029756128787994,-0.0029756128787994,3,0,0.0063738941680639,0.045910547953099,7,0.3436381190370931,0.2974705137239254,2.022568624512469,-0.023647886451081,-0.2513556961224453,0.159995116293006,0.0461412114573239,0.30690951848827575,-1.2738510817082713
839702258283a97217599e53,AD2,rice,evaluation,31.199499130249023,-0.0069901645183563,-0.0037932097911834,-0.0025951862335205,-0.0025951862335205,3,0,0.0063738941680639,0.0474545238539576,7,2.419154655034446,0.1662063489915633,0.4489074613866335,0.1162340739511664,-0.072266867086778,1.2676943644928065,1.173443893973834,2.188862596926118,0.47203742026700735
849209db158a4a6b5ff2b3cc,AD2,rice,evaluation,30.32254981994629,-0.0056106150150299,-0.0059935450553894,-0.0054186284542083,-0.0024448633193969,3,0,0.0063738941680639,0.0451837261207401,7,1.519211201769158,1.2627986943193097,-0.8341246995624427,-0.9219388243291726,-0.0015011754568598,0.2986361887199927,0.7588550131561491,1.275096199159325,-0.4641445033808147
85adbffcad787b04c55a7f07,AD2,rice,evaluation,28.113719940185547,-0.0050748586654663,-0.0051456689834594,-0.0046640932559967,-0.0046640932559967,3,0,0.0063777506584301,0.0457226079888641,7,-0.7475355375391955,1.6886669291855203,-0.3397217390309421,-0.6444980508498069,-1.0462210856911691,-0.6960167941945012,-0.8968783116151824,-0.7372317888702566,-2.292041180123834
85d639d4a9e625206a335b4f,AD2,rice,evaluation,34.37577438354492,-0.0076612830162048,-0.0028662681579589,0.0003370642662048,0.0003370642662048,2,0,0.0063777506584301,0.0458697690628469,5,5.678713772522556,-0.3672601237765403,0.9894141496611946,1.1944155141373891,1.3081130693659675,3.4365646433299726,3.493413420944262,5.23028394668404,3.3712723684032273
873a24e9df7e8920abf33cdf,AD2,rice,evaluation,30.67728805541992,-0.0068000853061676,-0.0063710510730743,-0.0035547912120819,-0.0028744041919708,3,0,0.0063777506584301,0.0478931860998272,7,1.883250888997111,0.3172987226899942,-1.0542513182286122,-0.2366103634160069,-0.2037109124636026,0.8233202627905518,0.839769988266754,1.6712647637557991,-0.03680686311286596
87c4657b28609a2d4862dade,AD2,rice,evaluation,28.68192672729492,-0.0065571069717407,-0.0056299567222595,-0.0049978494644165,-0.0029358565807342,3,0,0.0063777506584301,0.0514463437721133,7,-0.1644300237399326,0.5104401655817012,-0.6221135881921683,-0.7672194041239762,-0.2326401067817809,-0.4658247139319543,-0.1985350652608568,-0.22470896177833694,-1.831238912535563
887cd343415d366e444dfd9c,AD2,rice,evaluation,29.30589485168457,-0.0065864026546478,-0.0033282041549682,0.0038794577121734,0.0038794577121734,2,0,0.0063789910636842,0.0458720447495579,5,0.4758989234335765,0.4871532726143827,0.7200557704612558,2.496945044830092,2.97572258645696,1.4864219841318342,1.725810754945268,0.678003535573228,-0.7022416454853952
892786f0653a661612f05ab8,AD2,rice,evaluation,31.9147891998291,-0.006847470998764,-0.0043482780456542,0.0010096728801727,0.0010096728801727,3,0,0.0063789910636842,0.0476948418654501,7,3.1532000642064344,0.2796322325393977,0.1252429573479973,1.4417320800847706,1.6247488533460674,2.2974660721456024,2.388974458776251,2.982053265794268,1.3233805617485883
89537e765eeb60a79dc3a0da,AD2,rice,evaluation,30.050106048583984,-0.0048853456974029,-0.0064559578895568,-0.0048260688781738,-0.0036063641309738,3,0,0.0063789910636842,0.0463450239039957,7,1.2396237894297035,1.83930920017146,-1.1037611261215556,-0.7040560966614964,-0.5482867985216132,0.2677838463841036,0.3456684954540451,1.0452558008205837,-0.655940204790423
8bc5049f14a02160990cf856,AD2,rice,evaluation,29.99648094177246,-0.0092767477035522,-0.0064881742000579,-0.0020927190780639,-0.0020927190780639,3,0,0.0063789910636842,0.0469154571183025,7,1.184592599783152,-1.6513794728980746,-1.122546700825758,0.3009900357515497,0.1642734899474052,0.742791317767351,0.6744330448652787,1.0962323433799916,-0.5173414816758057
906663b15edbed173ea5d313,AD2,rice,evaluation,28.622861862182617,-0.0077677369117736,-0.0046442449092864,-0.0040180385112762,-0.0040180385112762,3,0,0.0064292352180927,0.0451834611594677,7,-0.225043605450221,-0.4518794337249247,-0.0473375628993956,-0.4069452786132286,-0.7420857440667906,-0.3159944420317249,-0.4835646747585058,-0.24323377276652178,-1.8154442976213945
907219d1e0c46c4ed0c47c9e,AD2,rice,evaluation,28.27771377563477,-0.0092001855373382,-0.0042740404605865,-0.0041730105876922,-0.0024409890174865,3,0,0.0064292352180927,0.0477536716498434,7,-0.579241684229201,-1.5905208482459472,0.1685314555794198,-0.4639281375314963,0.000322682574839,-0.5215849108803486,-0.2894595008271809,-0.5677103295594306,-2.1194583829050866
94c119ebcdf4911921229edc,AD2,rice,evaluation,28.84036064147949,-0.0069611072540283,-0.0036471635103225,-0.0033017396926879,-0.0033017396926879,3,0,0.0064292352180927,0.0464596198871731,7,-0.0018418762033578,0.1893037250273065,0.5340681541136851,-0.1435639297477355,-0.4048824533599938,-0.0727029029755467,-0.2033621647816758,-0.01601408155779557,-1.5821740884892628
9848b5adef05ea204d3b9468,AD2,rice,evaluation,29.207565307617188,-0.0075982213020324,-0.0014509260654449,0.0013259649276733,0.0013259649276733,3,0,0.0064292352180927,0.0474627399817109,7,0.3749911190640703,-0.3171328953748659,1.8147108455698588,1.558031903488535,1.773645817118534,0.9665115112763026,1.0743184680913025,0.49329519750651674,-0.9579660638585983
98adaa3bf343ea9fadd56624,AD2,rice,evaluation,28.8204288482666,-0.0086194276809692,0.0017582774162292,0.0007758140563964,0.0007758140563964,3,0,0.0063659457955509,0.0495433490723371,7,-0.0222962931269382,-1.128881292544893,3.6860217066916015,1.3557427543286849,1.514657976617287,0.6667232306008734,0.7461808417451744,0.1155076116186241,-1.3243263899975641
9fe44019cf8211f26bfcade9,AD2,rice,evaluation,31.100284576416016,-0.0072480142116546,-0.0034619867801666,0.0015076696872711,0.0015076696872711,3,0,0.0063659457955509,0.0475212410092353,7,2.3173386354063235,-0.0387562125071547,0.6420461082529638,1.624844305570204,1.8591847588052133,1.971091470488264,2.0882616971057684,2.2480892024227117,0.6641553925258131
a0d1dff7c1f9efa7ddf73fa9,AD2,rice,evaluation,34.31255340576172,-0.0044206976890563,-0.0033643841743469,-0.00021892786026,-0.00021892786026,3,0,0.0063659457955509,0.0474717151373624,7,5.613835102345619,2.208654010195329,0.6989589270839186,0.9899785495260042,1.0463754121400053,3.3019068259358115,3.330105257242812,5.151449447063658,3.2800286878674716
a290b160fb702e5c4a77d57c,AD2,rice,evaluation,29.576038360595703,-0.0051859319210052,-0.0057560503482818,-0.0043932497501373,-0.0035279393196105,3,0,0.0063659457955509,0.0473168417811393,7,0.7531257590448172,1.6003757286878642,-0.6956397367337774,-0.5449095466480345,-0.511367703056877,0.1041081061983913,0.1208790279939701,0.623322228475532,-1.0299950958520232
a29b89bcce2d4f4fd1d3b037,AD2,rice,evaluation,29.46312522888184,-0.0062673687934875,-0.0048130452632904,-0.0030722618103027,-0.0030722618103027,3,0,0.0064155934378504,0.0466278260573744,7,0.6372519765128519,0.7407506166786196,-0.1457663280470378,-0.0591854655803007,-0.2968539391747499,0.2890332554662756,0.170199018669051,0.5676082323035367,-1.0370086509701046
a5aa215baefa22793105717c,AD2,rice,evaluation,32.2427864074707,-0.0062225461006164,-0.0021741092205047,-8.502602577209473e-05,-8.502602577209473e-05,3,0,0.0064155934378504,0.046072878409177,7,3.4897975576287794,0.7763797998147814,1.3930172694623932,1.0392139312798074,1.1094107516509537,2.264505744454293,2.2996041546398667,3.244739194993882,1.5285869582813807
a614409d4dd5be405d6b0b70,AD2,rice,evaluation,30.092321395874023,-0.0078217387199401,-0.0032760798931121,0.001978725194931,0.001978725194931,3,0,0.0064155934378504,0.0469293962232768,7,1.2829460487377995,-0.4948050187267366,0.7504498224109779,1.7980502801975384,2.0809378361054685,1.5404981644676692,1.6819419424216342,1.3344564718837735,-0.1614340095044584
a6ebf1020a6b41686a6bf980,AD2,rice,evaluation,28.541921615600582,-0.0054935812950134,-0.0009756088256835,0.0010594725608825,0.0010594725608825,3,0,0.0064155934378504,0.0516569558531045,7,-0.3081061544041979,1.3558278181063492,2.0918719287866216,1.460043302633314,1.648192443891982,0.575968574114558,0.670043144743892,-0.13129120870044672,-1.5420973912574185
aa5b7d505cfe2fc0e3630c58,AD2,rice,evaluation,29.039981842041016,-0.0077455937862396,0.0005102753639221,0.0014927685260772,0.0014927685260772,2,0,0.0063747076783329,0.0473463153466582,5,0.20301351334736,-0.4342780487048659,2.9583022558931087,1.6193651845203705,1.852169920221756,0.9111893489338652,1.027591716784558,0.3446486804646611,-1.0892647567285305
abd066ef7629773fcd2bb3ef,AD2,rice,evaluation,31.88378143310547,-0.0048331022262573,-0.0031644999980926,-0.0007156431674957,-0.0007156431674957,3,0,0.0063747076783329,0.0482065230607986,7,3.121379255026851,1.880837097802904,0.8155129044577244,0.8073375284508566,0.8125427827990367,1.9643583917388536,1.966961018912944,2.8899750823692516,1.1807313039637033
ac16b1a119fed67791d2bd4b,AD2,rice,evaluation,29.15888977050781,-0.0053314864635467,-0.0076293349266052,-0.0061011314392089,-0.0053024888038635,3,0,0.0063747076783329,0.0447047431953251,7,0.3250392798401686,1.484675641961126,-1.787966165209297,-1.1728935266536435,-1.346750800283651,-0.4239271234067374,-0.5108557602217412,0.1752459991907874,-1.4999062306168658
b27cf5b30064f95b99d08acc,AD2,rice,evaluation,33.09502410888672,-0.0029798746109008,-0.0011281073093414,0.0010193288326263,0.0010193288326263,3,0,0.0063747076783329,0.0483269053511321,7,4.36438144862977,3.353952206937935,2.002948907730745,1.4452825505250628,1.629294468748148,2.904831999577416,2.996837958688958,4.072471558819299,2.327894672247629
b3d7ecd8fbc6e07b70d05b8a,AD2,rice,evaluation,28.901355743408203,-0.0079830586910247,-0.0050576031208038,-0.0022196173667907,-0.0019477307796478,3,0,0.0063898351509124,0.0462766042910516,7,0.0607525543037405,-0.6230369125538935,-0.28836986738347,0.2543298408911682,0.2325278693644456,0.1575411975974543,0.1466402118340931,0.08011028296248326,-1.457365858202531
b5f384d222dbcdfbd805791c,AD2,rice,evaluation,29.738285064697266,-0.0071509778499603,-0.005747765302658,1.245737075805664e-05,1.245737075805664e-05,3,0,0.0063898351509124,0.0463496879674494,7,0.9196266701632329,0.038377178644004,-0.6908086638681269,1.0750583411878176,1.1553018256639318,0.9973425056755252,1.0374642479135825,0.9351698372656914,-0.5950777996953023
b689c9052bb2a45439574697,AD2,rice,evaluation,29.63216590881348,-0.0080797672271728,-0.0029794573783874,0.0012504160404205,0.0012504160404205,3,0,0.0063898351509124,0.0483069187030196,7,0.8107250056295253,-0.6999097179241363,0.9234126577772354,1.5302527597658797,1.7380805855004051,1.1704888826977025,1.2744027955649653,0.8826777810431607,-0.6019082943429552
b985e76c62d1295c4c8364b3,AD2,rice,evaluation,32.5063362121582,-0.0023895800113677,-0.0033753812313079,4.976987838745117e-06,4.976987838745117e-06,3,0,0.0063898351509124,0.0467447210103273,7,3.760257798091233,3.823172439902002,0.6925464598629653,1.0723078224208014,1.151780376695036,2.416282810256017,2.456019087393135,3.4914628005241894,1.758818120815529
b98e196d958da191d10a4664,AD2,rice,evaluation,29.201345443725582,-0.0043606162071228,-0.0057966709136962,-0.0025606751441955,-0.0025606751441955,3,0,0.0063429622678086,0.0456127310171723,7,0.3686081665676305,2.256412276952312,-0.7193258961434237,0.1289237183025806,-0.0560205009274907,0.2487659424351055,0.1562938328200699,0.3446397217411255,-1.2251910213716322
b9c672e829ef33374692326c,AD2,rice,evaluation,29.961217880249023,-0.0073550641536712,-0.0073567330837249,-0.0023249089717864,-0.0023249089717864,3,0,0.0063429622678086,0.0455040107481181,7,1.1484049193924195,-0.1238493147844773,-1.6290099655614363,0.2156143715530452,0.0549682751399721,0.6820096454727324,0.6016865972661958,1.0551258646084822,-0.5629830210585829
bb558f618b6bea69e676de49,AD2,rice,evaluation,35.556480407714844,-0.0064545273780822,-0.0017193555831909,0.0015122592449188,0.0015122592449188,3,0,0.0063429622678086,0.0461175297386944,7,6.890378624982267,0.5919798253919865,1.6581875603147718,1.6265318748535529,1.8613453290889184,4.25845524991791,4.375861977035592,6.363993949969395,4.454737035364705
bdc5a738d1c46922b23c1b71,AD2,rice,evaluation,31.56285285949707,-0.0032546818256378,-0.0044787228107452,-0.0028932690620422,-0.0028932690620422,3,0,0.0063429622678086,0.0446546762250363,7,2.7920357395106103,3.1355102536809216,0.0491796266539243,0.0066297364702984,-0.2125916981102597,1.3993327379904543,1.2897220207001754,2.5134951392065794,0.7610035490773626
be110f4ac725e554bc6f49eb,AD2,rice,evaluation,30.260032653808597,-0.009469449520111,-0.00656059384346,-0.0045951902866363,-0.003232330083847,3,0,0.0063174210954457,0.0463387826457619,7,1.4550547976060777,-1.804556532843834,-1.164775143500329,-0.6191625951153772,-0.3722073352382492,0.4179461012453501,0.5414237311839141,1.2476330583339323,-0.4618248069999653
bff8781df5df078d119f761f,AD2,rice,evaluation,32.07190704345703,-0.0035642981529235,-0.0029007196426391,0.0015320777893066,0.0015320777893066,3,0,0.0063174210954457,0.0469992710277438,7,3.3144376330179117,2.8893988284139103,0.9693252279608636,1.633819105849831,1.8706750644049168,2.474128369433872,2.592556348711414,3.1463757803011037,1.4922258171390532
c065a13a639a727351402c99,AD2,rice,evaluation,32.585426330566406,-0.0044932067394256,-0.0046254098415374,-0.0035157203674316,-0.0035157203674316,3,0,0.0063174210954457,0.0460730707272887,7,3.841421707388189,2.151017173379982,-0.0363546922120175,-0.2222441080233436,-0.505615535418442,1.8095887996824227,1.6679030859848734,3.4350551258470357,1.5888168096517377
c07fe7fdf4f56c2e5f922d55,AD2,rice,evaluation,31.447843551635746,-0.0046494007110595,-0.002565711736679,-0.0008750259876251,-0.0008750259876251,3,0,0.0063174210954457,0.0486339060589671,7,2.6740108178208444,2.026859893581695,1.1646708757406388,0.7487328497018382,0.7375120693103764,1.7113718337613413,1.7057614435656103,2.481483021008944,0.7991975828279301
c09c723a93c1bb812cb5c809,AD2,rice,evaluation,30.020410537719727,-0.0050722956657409,-0.0065003931522369,-0.0053661465644836,-0.0041799843311309,3,0,0.006385079701431,0.0459927287884056,7,1.2091496442542755,1.6907042361999554,-1.129671664404595,-0.9026413599916592,-0.8183230097918056,0.1532541421313081,0.1954133172312349,0.9979705438296821,-0.7175958548244208
c0a58b8372bc29c4992864a2,AD2,rice,evaluation,31.27347183227539,-0.0051741600036621,-0.0023536086082458,-0.0028715431690216,-0.0013608932495117,3,0,0.006385079701431,0.0462892539799213,7,2.49506696618729,1.609733127184396,1.2883498166932816,0.0146182949609555,0.5087862424581646,1.254842630574123,1.5019266043227275,2.2470220990646568,0.5163311321935543
c120dc31932d1db26c869f8b,AD2,rice,evaluation,33.72038269042969,-0.005844235420227,-0.0027669072151184,0.0009170472621917,0.0009170472621917,1,0,0.006385079701431,0.0449290079995989,3,5.006137311586752,1.0770957909919343,1.047352268129104,1.407673863639006,1.581144616711296,3.206905587612879,3.293640964149024,4.646290966791977,2.8529080073734083
c2f2aa0868ecc3cf447b3f42,AD2,rice,evaluation,30.90379524230957,-0.0054468810558319,-0.0037033855915069,-0.0001114308834075,-0.0001114308834075,3,0,0.006385079701431,0.0463542388752102,7,2.115697231749244,1.3929494470786667,0.5012846326710603,1.0295049287795026,1.0969804576810671,1.572601080264373,1.6063388447151554,2.00707800145227,0.3879119871045271
c3e47c02c1e0731e7aefeacf,AD2,rice,evaluation,30.73995018005371,-0.0078707635402679,-0.0074556469917297,-0.0029056072235107,-0.0029056072235107,3,0,0.006406356813386,0.0458778040483593,7,1.9475560525559996,-0.5337744377819136,-1.68668741463012,0.0020930242410363,-0.2183999844573624,0.974824538398518,0.8645780340493184,1.7530097497245034,0.06024201088360859
c5f63ec619882e40eba5243e,AD2,rice,evaluation,31.673608779907227,-0.0057094991207122,-0.006078690290451,-0.0020471811294555,-0.0020471811294555,3,0,0.006406356813386,0.046958161983639,7,2.905695747349698,1.184196546948442,-0.8837735311349735,0.3177342296798407,0.185710836658451,1.6117149885147692,1.5457032920040743,2.646899595582712,0.9122292554000715
cf4e62923d9953d9b9586831,AD2,rice,evaluation,30.45436286926269,-0.0079145431518554,-0.0062339007854461,-0.0041407942771911,-0.0040912926197052,3,0,0.006406356813386,0.0480358018539845,7,1.6544804692098083,-0.5685744843424334,-0.9742779465461529,-0.4520822778217565,-0.7765706905430672,0.6011990956940261,0.4389548893333707,1.443824194506652,-0.2659114726926406
d1a3e96765283361040444e1,AD2,rice,evaluation,31.78766441345215,-0.0050843656063079,-0.0071681439876556,-0.0025660693645477,-0.0025660693645477,3,0,0.006406356813386,0.0463120630010962,7,3.022741988803886,1.6811099415389543,-1.519042235008068,0.1269402764825409,-0.0585598724947023,1.5748411326432137,1.4820910581545916,2.7331618175717516,0.9742709474681496
d23feb55588df2dbf7eb800e,AD2,rice,evaluation,32.08799362182617,-0.0035060942173004,-0.0011983513832092,0.0012661516666412,0.0012661516666412,3,0,0.0063382153166458,0.0487825758755207,7,3.3309460112316414,2.935664649334737,1.9619890561324056,1.5360387115945038,1.745488255044536,2.433492361413073,2.5382171331380885,3.1514552812679275,1.4879867422874944
d76577f95f6ee36f609c025e,AD2,rice,evaluation,29.942766189575195,-0.0069336295127868,-0.0058781504631042,-0.0063617527484893,-0.0053193867206573,3,0,0.0063382153166458,0.0445186290889978,7,1.129469414194456,0.2111455513913632,-0.7668372386423032,-1.2687233538152305,-1.3547056272372917,-0.069626969810387,-0.1126181065214178,0.8896501373934873,-0.8507346746267626
d7b8047f9a91a43e15d1cd95,AD2,rice,evaluation,29.931232452392575,-0.0062445998191833,-0.0043108761310577,0.0046362876892089,0.0046362876892089,2,0,0.0063382153166458,0.0461764875799417,5,1.1176332554253758,0.7588494836440635,0.1470522970832182,2.775229602951132,3.3320062381107607,1.9464314291882536,2.2248197467680684,1.2833928901779514,-0.11934755595177671
dab9c6d1c74c29b051738734,AD2,rice,evaluation,28.47272682189941,-0.0085373222827911,-0.0053468644618988,0.001146912574768,0.001146912574768,3,0,0.0063382153166458,0.0472267712466418,7,-0.379115277576796,-1.0636163992336392,-0.4570403466424768,1.4921947849537365,1.68935551669971,0.5565397536884702,0.655120119561457,-0.19198427132374274,-1.5950589813527847
ddcc3b44f3f19fd6a9f6564a,AD2,rice,evaluation,28.658544540405277,-0.0093357861042022,-0.0059196949005126,-5.334615707397461e-06,-5.334615707397461e-06,3,0,0.0064048512140288,0.0464768731035292,7,-0.1884253057558342,-1.6983086030794154,-0.7910621148103494,1.0685162706543163,1.1469261083952835,0.4400454824492411,0.4792504013197247,-0.06273114811481914,-1.5146634879606204
e22e9eb06ed74cb3f651e497,AD2,rice,evaluation,31.839460372924805,-0.0055246949195861,-0.0036230087280273,-0.0033983588218688,-0.0025079846382141,2,0,0.0064048512140288,0.0459622768685221,5,3.075896069758598,1.3310958585357688,0.5481529906518496,-0.1790905506348555,-0.0312160316963853,1.4484027595618716,1.5223400190311067,2.7503974077192526,0.9622356764270239
e22f9e1a45d4227868087253,AD2,rice,evaluation,30.8240966796875,-0.0022491514682769,-0.0045531839132308,-5.328655242919922e-05,-5.328655242919922e-05,3,0,0.0064048512140288,0.0462149381637573,7,2.033908924461989,3.934797912599871,0.005760793722889,1.0508844591159523,1.1243523578337178,1.542396691788971,1.5791306411478536,1.9356064779273854,0.324041945927356
e2bb091a1182285e40b22275,AD2,rice,evaluation,31.173952102661133,-0.0047511160373687,-0.0001841187477111,0.000461995601654,0.000461995601654,2,0,0.0064048512140288,0.0451890411786735,5,2.3929377688837823,1.9460072326483704,2.553395789095781,1.2403524650191926,1.3669254760496743,1.8166451169514877,1.8799316224667284,2.2776792384973237,0.6563424991109544
e2ef45f122bae8893cccc691,AD2,rice,evaluation,29.729066848754883,-0.0078636407852172,-0.0052503943443298,-0.0007315576076507,-0.0007315576076507,3,0,0.0063388164853677,0.0480877957306802,7,0.9101667470061358,-0.5281126194511007,-0.4007878902895606,0.8014858271696345,0.8050509351919042,0.8558262870878851,0.8576088410990199,0.8992986550224856,-0.653060297449326
ecfb3a0e2de2e2bec2761d17,AD2,rice,evaluation,30.384769439697266,-0.0032004415988922,-0.0053134560585021,-0.0051354765892028,0.0002120733261108,3,0,0.0063388164853677,0.0469338758848607,7,1.5830622576987388,3.178625355614309,-0.4375596535403393,-0.8178245661402377,1.249272603327927,0.3826188457792505,1.4161674305133327,1.3429735753148413,-0.3921402213430174
ee9eb917d089a072ff3cc193,AD2,rice,evaluation,33.43993377685547,-0.0035050511360168,-0.0019815862178802,0.0012544393539428,0.0012544393539428,3,0,0.0063388164853677,0.0506184678524732,7,4.718334857349855,2.9364937859103795,1.5052788907289485,1.5317321224493343,1.7399745919179386,3.125033489899595,3.2291547246338967,4.399674583859802,2.637106784095853
ef8062447dbfcfb3d45280f3,AD2,rice,evaluation,30.375164031982425,-0.0049346983432769,-0.0047691464424133,-0.003242552280426,0.0016899704933166,3,0,0.0063388164853677,0.0483800829388201,7,1.573204990365997,1.800079195335367,-0.1201685930430694,-0.1218008609377972,1.9450042940352312,0.7257020647140999,1.7591046422006142,1.4037044052356176,-0.2727392798923072
effb8441e7e0e9b7a51d6482,AD2,rice,evaluation,29.697179794311523,-0.0058796107769012,-0.0039440095424652,-0.0060255527496337,-0.0037874579429626,3,0,0.006412680959329,0.0470770820975303,7,0.8774435946493494,1.048976216269445,0.3609749840478147,-1.1451034246888885,-0.633538131826371,-0.1338299150197694,0.1219527314114892,0.6751888927155256,-1.036963492293677
f178327019adbd8eb26753e7,AD2,rice,evaluation,29.95255279541016,-0.0060356557369232,-0.0030395090579986,0.0009939968585968,0.0009939968585968,2,0,0.006412680959329,0.0460138022899627,5,1.1395126307719576,0.9249373845533924,0.8883960684812433,1.4359680447403458,1.6173692431562705,1.2877403377561518,1.378440936964114,1.1691581721687965,-0.34668028142373153
f4f1bbb6e4532c714597cc96,AD2,rice,evaluation,33.51150131225586,-0.0075246691703796,-0.0042208433151245,-0.0029780566692352,-0.0029780566692352,2,0,0.006412680959329,0.0442606802098453,5,4.791778936948571,-0.2586669219838769,0.1995511140872837,-0.0245464623032537,-0.2525061296501323,2.383616237322659,2.269636403649219,4.310146397023389,2.4127363890787166
f5bb1d094e9576b62f258cf4,AD2,rice,evaluation,28.80130195617676,-0.0043409764766693,-0.0074266493320465,-0.0027471780776977,-0.0023645460605621,3,0,0.006412680959329,0.0465458813123405,7,-0.0419247039316907,2.2720237341908294,-1.6697786596003432,0.0603470392428654,0.0363088045079754,0.0092111676555873,-0.0028079497118576,-0.03169752961423509,-1.5780220444022515
f5c845fa664d1ee00f1d66fe,AD2,rice,evaluation,28.38618850708008,-0.0094728469848632,-0.0048415958881378,0.0005200803279876,0.0005200803279876,3,0,0.0063900264212861,0.0461241956800222,7,-0.4679226795136157,-1.8072571491187823,-0.1624144136775889,1.2617100788714437,1.3942693168479914,0.3968936996789138,0.4631733186671878,-0.29495940367510975,-1.7109096796258907
f7b4d6d1d2772d4e55b69743,AD2,rice,evaluation,30.00690460205078,-0.007420927286148,-0.0044741332530975,0.0014369189739227,0.0014369189739227,2,0,0.0063900264212861,0.0457215756177902,5,1.1952895747580197,-0.1762033671321619,0.0518558324859753,1.5988294388255948,1.8258783052109575,1.3970595067918072,1.5105839399844887,1.2356435611647774,-0.2706005762750283
fae360e1041f28098fd80f20,AD2,rice,evaluation,30.62308120727539,-0.0037950277328491,-0.0037585496902465,-0.0041807889938354,-0.0029960572719573,3,0,0.0063900264212861,0.0478786891326308,7,1.8276227044068565,2.7059938178818856,0.4691180288066031,-0.4667882387195094,-0.2609800546589488,0.6804172328436735,0.7833213248739539,1.5981816100942199,-0.12510139598061953
fd41a32df1067149c9bc9c6f,AD2,rice,evaluation,29.3010368347168,-0.0063139796257019,-0.0075346231460571,-0.0032441318035125,-0.0014684796333312,3,0,0.0063900264212861,0.0455799894407391,7,0.4709135263135421,0.7037000565556428,-1.7327390084933354,-0.1223816477690795,0.4581391078856023,0.1742659392722313,0.4645263170995722,0.4115840089052799,-1.1864578677158746
fdf8657800738c1e73c268ea,AD2,rice,evaluation,33.967437744140625,-0.0047702491283416,-0.0006925165653228,0.0031373500823974,0.0031373500823974,3,0,0.0067632803693413,0.0471019619144499,7,5.259670298694648,1.93079849888945,2.256945170336313,2.224073858306287,2.626369595323615,3.741872078500468,3.943019947009132,4.956110654655812,3.2126778792641852
fee2ddb5019fbd74e6b8afcc,AD2,rice,evaluation,29.875675201416016,-0.0059453845024108,-0.0014578402042388,-0.0046067535877227,-0.0025682151317596,3,0,0.0067632803693413,0.0450881281867623,7,1.0606192596215431,0.9966932327711012,1.8106791588618336,-0.6234143930500479,-0.0595700092507201,0.2186024332857476,0.5005246251854115,0.8922158943543841,-0.7895240718004324
ffd625e05b2dccfed0fdbd80,AD2,rice,evaluation,29.89632225036621,-0.0074405074119567,-0.0037138760089874,0.0025147497653961,0.0025147497653961,3,0,0.0067632803693413,0.0462253498844802,7,1.0818076867218072,-0.1917674451377858,0.4951675907692294,1.9951452226021469,2.333275609629598,1.538476454661977,1.7075416481757024,1.1731414403098412,-0.2920188875999796
02dea521dfcb617029f8c08f,AD2,sheet_metal,evaluation,35.41431427001953,0.0026212334632873,0.0061131715774536,0.0070351958274841,0.0086350739002227,3,0,0.0031369312200695,0.0389465391635894,7,0.9943442978552012,2.059616927581396,-1.3427412843188282,0.1102223299643572,0.0901788843962096,0.5522833139097791,0.5422615911257054,0.9059321010661168,-0.7099898884606777
0462d03584442beb56ce3007,AD2,sheet_metal,evaluation,35.293190002441406,5.245208740234375e-05,0.0077856034040451,0.0075111240148544,0.0075111240148544,3,0,0.0031599167268723,0.0400568731129169,7,0.913230057718167,-1.4330421407749558,0.4577027624360513,0.571489494106339,-0.4927264813894539,0.742359775912253,0.2102517881643565,0.8790560013569841,-0.6926762893484826
0465056ef7eb5a7a129b3dc5,AD2,sheet_metal,evaluation,39.2499885559082,0.0002851635217666,0.0063746273517608,0.0063123852014541,0.0072780698537826,3,0,0.0031599167268723,0.0396197657100856,7,3.563010439942241,-1.1166346375234468,-1.0612730146671052,-0.5903220305677543,-0.6135935438589646,1.4863442046872437,1.474708448041638,3.1476771928912415,1.290597936978571
048fea4848bd131ef51695b0,AD2,sheet_metal,evaluation,37.62174987792969,-0.0007534921169281,0.0061251372098922,0.004987746477127,0.0064175575971603,3,0,0.0031599167268723,0.0391004062257707,7,2.472615048772844,-2.5288490320383943,-1.3298597716931395,-1.8741551047529657,-1.0598743062304032,0.2992299720099391,0.7063703712712205,2.0379380334202635,0.15153784206475795
05f2a273b2f8321bd98a2750,AD2,sheet_metal,evaluation,36.34703063964844,-0.0004626810550689,0.0075760781764984,0.0068159997463226,0.0092038512229919,3,0,0.0031599167268723,0.039279612712562,7,1.6189637989557828,-2.1334460203551995,0.2321399367451317,-0.1022213903940933,0.3851594326354182,0.7583712042808447,1.0020616157956006,1.4468452800207954,-0.23122438069567242
076d95358f6d39c2af42e9ec,AD2,sheet_metal,evaluation,31.99175453186035,0.0023265928030014,0.0103829503059387,0.004776582121849,0.0065080076456069,3,0,0.0031485866056755,0.039043191820383,7,-1.2976681785490414,1.6590069793331987,3.253857255861536,-2.078814517478976,-1.0129649028295125,-1.6882413480140084,-1.155316540689277,-1.375782812442035,-3.01089674621352
0c64f2fa1ba68c7f9b62805f,AD2,sheet_metal,evaluation,37.3975944519043,0.0003643035888671,0.0051687061786651,0.0063107758760452,0.0063107758760452,3,0,0.0031485866056755,0.0384792769327759,7,2.3225031230770687,-1.0090313686645902,-2.359498486362912,-0.5918817805200801,-1.1152536776918172,0.8653106712784944,0.6036247226926258,2.031064632717354,0.2621424863246027
11b5e0acc3fdec77d619e613,AD2,sheet_metal,evaluation,34.899532318115234,-0.0005784779787063,0.0086109936237335,0.0073645561933517,0.00799161195755,3,0,0.0031485866056755,0.0381112629547715,7,0.64960622265451,-2.290890004972442,1.3462704658601128,0.4294367114111847,-0.2435347659591872,0.5395214670328473,0.2030357283476613,0.6275892715301775,-0.9372118017660127
156c09badc34dd8434c7f0cf,AD2,sheet_metal,evaluation,32.868839263916016,-3.8057565689086914e-05,0.0083521157503128,0.0066369920969009,0.0074741393327713,3,0,0.0031485866056755,0.0387698230333626,7,-0.7103039533692974,-1.5561041357003362,1.0675774162385818,-0.2757146883319633,-0.511907558694398,-0.4930093208506303,-0.6111057560318477,-0.666845026865564,-2.193589946524187
2176e4198610008303c38afd,AD2,sheet_metal,evaluation,34.0573844909668,0.0008268058300018,0.0065619349479675,0.0061467736959457,0.0069935470819473,3,0,0.0031364229507744,0.0400251508690416,7,0.0856384691393863,-0.3801874110593947,-0.8596284147855279,-0.7508318543654307,-0.7611533706360001,-0.3325966926130221,-0.3377574507483069,0.0019914367889045936,-1.6209710677870057
21bb5c570139e550e66e0a2b,AD2,sheet_metal,evaluation,36.4222297668457,-5.380809307098389e-05,0.0062561780214309,0.0053562521934509,0.0083853304386138,3,0,0.0031364229507744,0.0383024411275982,7,1.669322989426347,-1.577519435113594,-1.188788760447428,-1.5170012499287318,-0.0393436198869743,0.0761608697488076,0.8149896847696864,1.3506905654908392,-0.44879358079917164
21da16822facbd11fd2d6d21,AD2,sheet_metal,evaluation,32.67378616333008,0.0010520070791244,0.0048587024211883,0.0067677348852157,0.0088668763637542,3,0,0.0031364229507744,0.0391396540217101,7,-0.8409266960843021,-0.0739911764022866,-2.693230726294204,-0.1489994468346794,0.2103967887296948,-0.4949630714594908,-0.3152649536773036,-0.7717339711593398,-2.2786289372277535
2528083cc271c79549a7c42a,AD2,sheet_metal,evaluation,32.88469314575195,0.0020989775657653,0.0082964599132537,0.0041756331920623,0.0085692852735519,3,0,0.0031364229507744,0.0390571192838251,7,-0.6996869597308017,1.3495285511993191,1.007661538708137,-2.661251145509972,0.056059441889631,-1.6804690526203867,-0.3218137589205853,-0.8958433783087187,-2.622024118459124
2570ec1ec199430f1832682b,AD2,sheet_metal,evaluation,35.08931350708008,1.633167266845703e-05,0.0067762285470962,0.0062405169010162,0.0080345273017883,3,0,0.0031432869145646,0.0385705609805882,7,0.7766984828843364,-1.4821534802051703,-0.6289322341254672,-0.6599764196424522,-0.2212779155811699,0.058361031620942,0.2777102836515832,0.6330309926316576,-1.031547387817942
2887db27ad9866db4505482a,AD2,sheet_metal,evaluation,35.273681640625,0.0016497820615768,0.0081696957349777,0.0080620646476745,0.0089357793331146,3,0,0.0031432869145646,0.0391520061530172,7,0.9001657397520296,0.7387771786234889,0.8711945052003741,1.1054583365817294,0.2461313985032892,1.0028120381668797,0.5731485691276594,0.9206949994349997,-0.6056357275472282
298a39c8400f68e7e5705684,AD2,sheet_metal,evaluation,33.93191146850586,0.0017031580209732,0.0060823857784271,0.0055466145277023,0.0063787847757339,3,0,0.0031432869145646,0.0386232761666178,7,0.0016119641448245,0.8113501232765532,-1.375883507338346,-1.332503049549452,-1.079982752301098,-0.6654455427023138,-0.5391853940781368,-0.13179953722460316,-1.797226549722979
2a9caad55750b3a831e3c6b1,AD2,sheet_metal,evaluation,33.97836685180664,0.0008516013622283,0.0079782754182815,0.0071881711483001,0.0071881711483001,3,0,0.0031432869145646,0.0389383379369974,7,0.0327221057544491,-0.3464740163350231,0.6651223866579126,0.2584852282104383,-0.6602170085570821,0.1456036669824437,-0.3137474514013164,0.05529841800004802,-1.4798367108656674
2af3837478436db18f3ed55d,AD2,sheet_metal,evaluation,33.38585662841797,0.0022795349359512,0.0064548701047897,0.0049742311239242,0.0075313001871109,3,0,0.0031691399635747,0.0385104399174451,7,-0.3640688718471052,1.59502446698971,-0.9748882755770262,-1.887254115926665,-0.4822626704825666,-1.125661493886885,-0.4231657711648359,-0.5163873962550611,-2.2019915013957605
2b84d6f74ca188f729f9778c,AD2,sheet_metal,evaluation,38.43840408325195,-0.0003279596567153,0.0079981684684753,0.0062078237533569,0.0073228329420089,3,0,0.0031691399635747,0.0391869647428393,7,3.0195102882152858,-1.9502712597163516,0.6865381019197985,-0.6916624510813674,-0.5903784124230048,1.1639239185669592,1.2145659378961404,2.6483930142856202,0.8215545404340264
2fb30a4e68e030ecee938822,AD2,sheet_metal,evaluation,34.39057922363281,-7.0035457611083984e-06,0.0043466836214065,0.0054060071706771,0.0099992007017135,3,0,0.0031691399635747,0.0386674129404127,7,0.3087716042102243,-1.5138813504806303,-3.2444407578400174,-1.4687789805693257,0.797645331568291,-0.5800036881795507,0.5532084678892577,0.13101654573226934,-1.5676208319718472
3266f22024206b6054c84bb1,AD2,sheet_metal,evaluation,34.11997604370117,-0.0004849582910537,0.0086067914962768,0.0057179182767868,0.0063007920980453,3,0,0.0031691399635747,0.040460298769176,7,0.1275546461414163,-2.1637353984278773,1.341746696793557,-1.1664763324018823,-1.1204314866339251,-0.5194608431302331,-0.4964384202462545,-0.0018484517129135625,-1.6624112247475233
35d6264bb9201cdc868cfc9a,AD2,sheet_metal,evaluation,33.54795455932617,0.0020046532154083,0.0067986100912094,0.0069169253110885,0.0069169253110885,3,0,0.0031468474771827,0.0384504469111561,7,-0.2555154765919089,1.221279880162497,-0.6048375492390606,-0.0044048494024015,-0.8008911222484185,-0.1299601629971552,-0.5282032994201638,-0.23040441387295815,-1.7669205376388244
38df0a73347a1b6bee3a41a7,AD2,sheet_metal,evaluation,44.98064804077149,-0.0001338720321655,0.0059102475643157,0.0056862831115722,0.0079411715269088,3,0,0.0031468474771827,0.0388026121072471,7,7.400706212170152,-1.6863788520931904,-1.5611976217243428,-1.197136972668435,-0.2696942932264055,3.1017846197508585,3.565505959471873,6.540921893686294,4.360174708261653
3cfdf79448d4691e83334b62,AD2,sheet_metal,evaluation,32.92283248901367,-0.0003426373004913,0.005736768245697,0.0064330548048019,0.0064330548048019,3,0,0.0031468474771827,0.0385564290918409,7,-0.6741458860066248,-1.970227806473266,-1.7479554921954108,-0.473369668401695,-1.0518371102605637,-0.57375777720416,-0.8629914981335942,-0.6540682642461318,-2.1998483183645297
3dbabd8bec52570e74a505db,AD2,sheet_metal,evaluation,36.08202362060547,-0.0024668723344802,0.0051622539758682,0.0045524388551712,0.0099457949399948,2,0,0.0031468474771827,0.0371362050063908,5,1.4414944659273197,-4.858456763764608,-2.3664445573055315,-2.296053024727909,0.7699479177645361,-0.4272792794002947,1.105721191845928,1.0677397168617968,-0.7804134432858811
40103fa106f396228bd024e2,AD2,sheet_metal,evaluation,37.37069320678711,-0.0004652142524719,0.0073368996381759,0.0067944973707199,0.0085847526788711,3,0,0.0031502494821324,0.0403171898797154,7,2.3044879548531343,-2.1368902974604542,-0.0253459401601346,-0.1230613828126687,0.0640811817133748,1.0907132860202329,1.1842845682832546,2.061733021086554,0.3331388806736648
45e8c5a602c1e424a504c910,AD2,sheet_metal,evaluation,33.41298294067383,-0.0001841336488723,0.0102313756942749,0.00729800760746,0.0075184702873229,3,0,0.0031502494821324,0.0390602769330143,7,-0.3459029811437022,-1.754717361952148,3.0906807347799603,0.3649381624566748,-0.488916541376828,0.0095175906564862,-0.4174097612602652,-0.2748188667836645,-1.7741412467073592
4a71b2ce5aaac7f706a95986,AD2,sheet_metal,evaluation,43.509239196777344,0.0002484917640686,0.0044706165790557,0.0065511018037796,0.0078033357858657,3,0,0.0031502494821324,0.0389568740501999,7,6.415336288389069,-1.166495613735393,-3.1110216538451825,-0.3589591209727592,-0.3411789689196902,3.028188583708155,3.0370786597346893,5.737906747452886,3.6970963503277576
4aaa50d3376c7c5e554b32e3,AD2,sheet_metal,evaluation,33.72322082519531,-0.0001326948404312,0.0054647326469421,0.0049995332956314,0.0093148797750473,3,0,0.0031502494821324,0.0392032447271049,7,-0.1381435389786551,-1.6847782762619252,-2.040813393184916,-1.862731380565098,0.4427413049154901,-1.0004374597718766,0.1522988829684174,-0.3106023231372994,-2.010243169619476
4b40ddcb505fc90bc899d7ac,AD2,sheet_metal,evaluation,33.718624114990234,0.0005351603031158,0.0074100792407989,0.0064553469419479,0.0079788565635681,3,0,0.0031677144579589,0.0394692299887537,7,-0.1412218540254278,-0.7767250081419672,0.053435016881904,-0.4517642431361449,-0.250149996488209,-0.2964930485807863,-0.1956859252568184,-0.1722760929364995,-1.7541849817144404
527a328eb116aa0a8fc2bed0,AD2,sheet_metal,evaluation,36.4348258972168,-0.000459536910057,0.0059343874454498,0.0060884058475494,0.007824420928955,3,0,0.0031677144579589,0.038391622249037,7,1.677758339039993,-2.1291710646539723,-1.5352100121930656,-0.8074016743956177,-0.3302437455568797,0.4351783323221876,0.6737572967415567,1.429242337696432,-0.31174291326781445
54713abdd7dcb471db0297b4,AD2,sheet_metal,evaluation,33.79163360595703,0.0017189085483551,0.0078354328870773,0.0029074698686599,0.0083395391702651,3,0,0.0031677144579589,0.038844980765134,7,-0.0923290144568117,0.8327654226898109,0.5113463218635768,-3.8903485500718977,-0.0630919883632407,-1.991338782264355,-0.0777105014100262,-0.47213096801832033,-2.343903217784173
5dd6d47fc527b6bd1048a5e0,AD2,sheet_metal,evaluation,37.58353805541992,0.0002800226211547,0.0052111446857452,0.0055948197841644,0.0069270282983779,3,0,0.0031677144579589,0.0383574841544032,7,2.4470254373010416,-1.123624494001757,-2.3138116271375555,-1.2857827616256188,-0.7956514887219269,0.5806213378377114,0.8256869742895574,2.0737446174083756,0.2381684299003377
6345a21fe37be30d96fb9428,AD2,sheet_metal,evaluation,48.15657424926758,-0.000140830874443,0.0108028352260589,0.0063366591930389,0.0072835236787796,3,0,0.0031515072332695,0.0392138990573585,7,9.527553674568988,-1.6958404839058596,3.705881244362975,-0.5667958021201733,-0.6107650691234249,4.480378936224406,4.458394302722781,8.518118726900072,6.23850179918602
636413381b27bf232dfc81dc,AD2,sheet_metal,evaluation,34.876426696777344,0.0029342621564865,0.0063364654779434,0.0067892372608184,0.0087739527225494,3,0,0.0031515072332695,0.0391320870257914,7,0.6341328996351722,2.4852282755230264,-1.1023558961545137,-0.128159454416104,0.162204525202849,0.2529867226095341,0.3981687124190106,0.5579036642300446,-1.0522357559855169
641a494d63ac094d521794ea,AD2,sheet_metal,evaluation,44.76471328735352,-0.0002055317163467,0.005906268954277,0.0066057741641998,0.008784219622612,3,0,0.0031515072332695,0.0388040537945926,7,7.256099488902422,-1.783811373264767,-1.5654807647767202,-0.3059709489812463,0.1675291675328677,3.475064269960588,3.711814328217645,6.499892445114056,4.403657995526337
6814f9278c1876d88e5afc90,AD2,sheet_metal,evaluation,34.61366271972656,0.001453548669815,0.0073621273040771,0.0062392055988311,0.0062392055988311,3,0,0.0031515072332695,0.0390496430918574,7,0.4581656821648022,0.4719672656876418,0.0018127159734779,-0.6612473270110141,-1.1523716125409895,-0.1015408224231059,-0.3471029651880938,0.34622438124722055,-1.2957898399716612
68b90c56100cd535e2597e81,AD2,sheet_metal,evaluation,34.30019760131836,9.357929229736328e-05,0.0055076777935028,0.0058048218488693,0.0091229975223541,3,0,0.0031455047428607,0.0389891532249748,7,0.248245032921274,-1.377123288948474,-1.994581114994088,-1.0822498349762888,0.3432269082773898,-0.4170024010275074,0.2957359705993319,0.11519554613151772,-1.5469419400099715
6c06ce0004bb77bf3286146a,AD2,sheet_metal,evaluation,34.34510803222656,0.0016060173511505,0.0074869692325592,0.0062385946512222,0.006664901971817,3,0,0.0031455047428607,0.0454707238823175,7,0.2783205541209875,0.6792722265168306,0.1362103657593057,-0.6618394543077304,-0.9315960217079348,-0.1917594500933714,-0.3266377337934736,0.18430455327811568,-1.4449593900304145
6ee2e77d7dc4c33fa2fc09ca,AD2,sheet_metal,evaluation,37.96650314331055,0.0002068877220153,0.0065616369247436,0.0037472695112228,0.0074976682662963,3,0,0.0031455047428607,0.0397846451960504,7,2.703488677280795,-1.223062800075805,-0.8599492494710993,-3.0764190332832126,-0.4997049313517281,-0.1864651780012087,1.1018918729645335,2.1254979062243944,0.12253546197721588
6f755d2b326fa7ea7f77826a,AD2,sheet_metal,evaluation,39.09566116333008,-0.0010776668787002,0.0047235637903213,0.0057960450649261,0.0081664025783538,2,0,0.0031455047428607,0.0377573678269982,5,3.459660802156153,-2.9696151992431443,-2.838713214466521,-1.0907562490681395,-0.1528844691070542,1.1844522765440069,1.6533881665245496,3.0046190970337237,1.1132164112353682
703d696269e1ee1a0bdcdc9f,AD2,sheet_metal,evaluation,35.42491149902344,0.0003079175949096,0.0065322369337081,0.0050445795059204,0.0074862241744995,3,0,0.0031874870182946,0.0386135410517454,7,1.0014410274817027,-1.0856969249368391,-0.8915995912027104,-1.819072824029164,-0.5056400914525327,-0.4088158982737304,0.2479004680145849,0.7193896423306161,-1.057719419432166
727bf51b668ac1559060aedb,AD2,sheet_metal,evaluation,34.79648971557617,-8.133053779602051e-05,0.0070978254079818,0.0068427175283432,0.0068427175283432,3,0,0.0031874870182946,0.040070803835988,7,0.5806008732408804,-1.614940492839504,-0.282719524925451,-0.0763266527596472,-0.8393769260270735,0.2521371102406166,-0.1293880263930965,0.5149081206408276,-1.08710450823067
72f6374e9230e57aff74f7c8,AD2,sheet_metal,evaluation,37.18247604370117,-0.0003650337457656,0.0077780485153198,0.007169559597969,0.007169559597969,2,0,0.0031874870182946,0.0397039731033146,5,2.1784430881246992,-2.000679268174426,0.4495696031568182,0.2404470088543741,-0.6698693717939375,1.2094450484895367,0.7542868581653809,1.9846434801976667,0.2952948828898503
750d9488c3103508a32a5d63,AD2,sheet_metal,evaluation,36.77552795410156,-0.0022905319929122,0.0049719661474227,0.0053279995918273,0.0077440291643142,2,0,0.0031874870182946,0.0371893807314336,5,1.9059189629175104,-4.6186945563317865,-2.571297504042822,-1.5443835268695627,-0.3719366996504225,0.1807677180239738,0.7669911316335439,1.560888713938803,-0.2577145305650783
768e9726aefabec1bf5ff545,AD2,sheet_metal,evaluation,37.28740310668945,0.0012533962726593,0.0070985704660415,0.0062655210494995,0.0062655210494995,1,0,0.0031896053114905,0.0355299334041774,3,2.2487104189765907,0.1998288534654308,-0.2819174382115227,-0.6357425268646494,-1.1387238355383582,0.8064839460559707,0.5549932917191163,1.960265124392467,0.192941854132602
76d2790a01240141cddd45ba,AD2,sheet_metal,evaluation,34.69535446166992,0.0004602372646331,0.0098845362663269,0.006716102361679,0.0072732269763946,3,0,0.0031896053114905,0.0377993588335812,7,0.5128728329752893,-0.8785945686432535,2.717293327712053,-0.1990414244717991,-0.6161051675995394,0.156915704251745,-0.051616167312125,0.44168140723058047,-1.1657313522502433
76f163961fdef0974918d682,AD2,sheet_metal,evaluation,36.23919677734375,-0.0004325807094573,0.0088937431573867,0.0070910155773162,0.0070910155773162,3,0,0.0031896053114905,0.0395642220973968,7,1.5467498489622806,-2.092519904163354,1.6506623737959067,0.1643225459033616,-0.7106040448295379,0.8555361974328212,0.4180729020663714,1.4085071186563887,-0.24222386734647539
789749265171dff481f175fd,AD2,sheet_metal,evaluation,39.36640167236328,-0.000915840268135,0.0054614394903182,0.0044059306383132,0.0044059306383132,1,0,0.0031896053114905,0.0364150907844305,3,3.64096972648362,-2.749586673578075,-2.044358616460479,-2.438048038906311,-2.1031487115538683,0.6014608437886546,0.7689105074648759,3.033067949944627,1.0165518412436794
78e4c61acc86b30fdfeec884,AD2,sheet_metal,evaluation,37.03839492797852,0.0010082423686981,0.0050835013389587,0.0059082210063934,0.0087751895189285,3,0,0.0031578574562445,0.0398009470663964,7,2.0819551550818742,-0.1334961285089449,-2.4512251229677537,-0.9820359005393556,0.1628459552658266,0.5499596272712594,1.1224005551738503,1.7755560495197513,-0.008740394460900136
790ff7e272777ab396a40774,AD2,sheet_metal,evaluation,37.31805038452149,0.000904768705368,0.0058319866657257,0.0049858689308166,0.0092343240976333,3,0,0.0031578574562445,0.039715252816677,7,2.269234222367273,-0.2741847180318033,-1.6454488101553726,-1.8759748130306797,0.4009633420184201,0.1966297046682968,1.3350987821928466,1.854713318827478,-0.017363796410606813
7b57165b0c1cfd96c17cfe5b,AD2,sheet_metal,evaluation,37.626747131347656,-0.0004010200500488,0.007710576057434,0.0067862570285797,0.0067862570285797,3,0,0.0031578574562445,0.0391967128962278,7,2.475961598740705,-2.0496082635225976,0.3769326303434704,-0.1310478802537444,-0.8686585948056524,1.1724568592434803,0.8036515019675262,2.21526065084126,0.47379755812117963
7be33dcf3bc5ca6bca5ac831,AD2,sheet_metal,evaluation,32.50868225097656,-0.0003332793712615,0.0053931325674057,0.0061913728713989,0.0072301030158996,3,0,0.0031578574562445,0.0401028092019259,7,-0.9514931305568072,-1.9575042416373856,-2.1178939263934264,-0.7076065617051422,-0.6384702110002276,-0.8295498461309747,-0.7949816707785173,-0.9271044736716406,-2.4726541988642174
7c6d80e6f65fe11c95c0b21c,AD2,sheet_metal,evaluation,32.760108947753906,0.0012044608592987,0.0045772045850753,0.0077794045209884,0.0077794045209884,3,0,0.0031843087635934,0.0388990486972034,7,-0.7831182386623777,0.1332935239733417,-2.9962751285505984,0.8315055880107267,-0.353590254234654,0.0241936746741744,-0.5683542464485158,-0.6216558559950672,-2.05100336260635
7e078f6d03a4f522b7f43332,AD2,sheet_metal,evaluation,38.46394348144531,0.0004864484071731,0.0057989358901977,0.0054272562265396,0.0072414577007293,3,0,0.0031843087635934,0.0390637060627341,7,3.036613457707521,-0.8429564308306515,-1.6810293767852325,-1.4481845043469497,-0.6325814193377106,0.7942144766802856,1.2020160191849052,2.588133661502074,0.6970707593168489
84b46118f6a61901e3dad5d2,AD2,sheet_metal,evaluation,37.05690002441406,-0.0006548315286636,0.0062644630670547,0.0060908943414688,0.0076300054788589,3,0,0.0031843087635934,0.0391391129232943,7,2.094347608436144,-2.394704569015519,-1.1798695561885453,-0.804989838821188,-0.4310719146131268,0.6446788848074778,0.8316378469115084,1.8044138637104108,0.03398078868684995
873afdd0a95e806bdf5024e8,AD2,sheet_metal,evaluation,37.72747802734375,0.0014445185661315,0.0059420764446258,0.0059043914079666,0.0078914910554885,3,0,0.0031843087635934,0.0387034378945827,7,2.543418849466912,0.4596894308300883,-1.5269324773053254,-0.9857475277407236,-0.2954596887681797,0.7788356608630942,1.1239795803493662,2.190502211746148,0.3730542323082031
8900dc2992416e68ebe0376d,AD2,sheet_metal,evaluation,34.560691833496094,0.0013629347085952,0.0067368149757385,0.0087497383356094,0.0087497383356094,2,0,0.0031452963594347,0.037571860011667,5,0.4226922525054782,0.3487634475873392,-0.6713626212922748,1.7719481564880608,0.1496464064999746,1.0973202044967696,0.2861693295027264,0.5576178429037365,-0.8792222250305555
8a85e0b98c1c5c056d7d0370,AD2,sheet_metal,evaluation,43.605445861816406,0.0005360841751098,0.007238745689392,0.0071573853492736,0.0095598548650741,3,0,0.0031452963594347,0.0392434890381991,7,6.4797637618161295,-0.7754688600212274,-0.1310128438530503,0.2286477893076131,0.5697908258233388,3.3542057755618715,3.524777293819734,5.854652164565278,3.8581954981798914
8cc1c4aec512ab4ac0483892,AD2,sheet_metal,evaluation,33.83909225463867,-0.0002900809049606,0.0092186033725738,0.0065777152776718,0.0065777152776718,3,0,0.0031452963594347,0.0392464259639382,7,-0.0605470082353189,-1.8987691867660197,2.0003882228029286,-0.3331654782426306,-0.9768129771113304,-0.1968562432389747,-0.5186799926733247,-0.08780885523605007,-1.6655818416974553
8fa3f0ce6a26b99a42a3f21c,AD2,sheet_metal,evaluation,36.72121047973633,0.0011635422706604,0.0056012719869613,0.0064595788717269,0.0073047429323196,2,0,0.0031452963594347,0.0373778291977942,5,1.8695437529996712,0.0776583184967045,-1.893822981990413,-0.4476626784466955,-0.599760293103183,0.7109405372764879,0.6348917299482442,1.6378231098550344,-0.08685054216494681
90bc84f93fc361efbb774515,AD2,sheet_metal,evaluation,34.14744186401367,0.0006476640701293,0.0077188313007354,0.00699183344841,0.0073589235544204,3,0,0.0031719217076897,0.0394568545743823,7,0.1459478978731701,-0.6237585837615552,0.3858197511337961,0.0681957340266895,-0.5716610195009362,0.1070718159499298,-0.212856560813883,0.13817268148852205,-1.4208690615470685
9107ec083dcd1057cdf09d39,AD2,sheet_metal,evaluation,33.569061279296875,-0.0004454255104064,0.005922645330429,0.006639078259468,0.0070938020944595,3,0,0.0031719217076897,0.039823489729315,7,-0.2413807735597153,-2.1099844151323497,-1.5478508988045758,-0.273692790245615,-0.7091588951695763,-0.2575367819026651,-0.4752698343646458,-0.24461197522830525,-1.8045618039851261
91244915bef83cd9bcff29b6,AD2,sheet_metal,evaluation,38.48173141479492,-0.0003271698951721,0.0069337785243988,0.0041175782680511,0.0069286674261093,3,0,0.0031719217076897,0.0419752779416739,7,3.0485256428221272,-1.9491974556776543,-0.4593229775981865,-2.7175176808272066,-0.7948014006866554,0.1655039809974603,1.126862121067736,2.4719213104571938,0.47429377545544005
91767fc5f036238461f81a96,AD2,sheet_metal,evaluation,37.93046951293945,0.0008555352687835,0.0058817565441131,0.0072589516639709,0.0078227669000625,3,0,0.0031719217076897,0.0389131852425634,7,2.6793577528560526,-0.3411252565950988,-1.5918694176649617,0.3270853418543976,-0.3311015616651991,1.503221547355225,1.1741280955954267,2.4441305117558874,0.7263474768912958
93a3d9413dc812113e800008,AD2,sheet_metal,evaluation,32.45471954345703,0.0025485754013061,0.0052978545427322,0.0036004930734634,0.0079200267791748,3,0,0.0031623370014131,0.0392766310833394,7,-0.987630760973111,1.9608269560212777,-2.220464775370578,-3.218674005787002,-0.2806604288814078,-2.1031523833800563,-0.6341455949272594,-1.2107350854545,-2.962847991038955
950746624ac5e3479399bce7,AD2,sheet_metal,evaluation,36.40324783325195,-0.0008841305971145,0.0067101269960403,0.0051484704017639,0.0058090388774871,3,0,0.0031623370014131,0.0400334587320685,7,1.6566112087850684,-2.706472428401715,-0.7000933673851869,-1.7183822993290196,-1.3754656252884214,-0.0308855452719756,0.1405727917483235,1.3191118579736596,-0.49623967837635097
9509339882e393692c73f91d,AD2,sheet_metal,evaluation,37.70223617553711,-0.0011655390262603,0.0066148936748504,0.0087269693613052,0.0087269693613052,2,0,0.0031623370014131,0.0377639816142618,5,2.526514940201771,-3.089091093888348,-0.8026160911595036,1.7498805830884885,0.1378379108827488,2.138197761645129,1.33217642554226,2.4488515044904426,0.8604442872863599
978700474dec6483eba5404a,AD2,sheet_metal,evaluation,34.15837860107422,0.001157060265541,0.0062971115112304,0.005808338522911,0.0078180283308029,2,0,0.0031623370014131,0.0386150917038321,5,0.1532719885280226,0.0688450211979655,-1.1447221163842067,-1.078841492487873,-0.3335590888944385,-0.4627847519799252,-0.0901435501832079,0.030060640426433027,-1.6250337409177713
a5b8bcdbb4fc51deed3da6cc,AD2,sheet_metal,evaluation,37.09221649169922,-0.0005378276109695,0.0069699436426162,0.0046596378087997,0.0046596378087997,2,0,0.003178707207553,0.0405789390206337,5,2.117998264621224,-2.235619487659891,-0.4203896885041063,-2.1921563473479844,-1.971570539839937,-0.0370790413633803,0.0732138623906433,1.6869828034243033,-0.200664121212077
aaa9917f37d46dca1b537b31,AD2,sheet_metal,evaluation,46.46868133544922,-0.0006404817104339,0.0055985748767852,0.0039196759462356,0.0076673328876495,3,0,0.003178707207553,0.0398068157956004,7,8.397209162485538,-2.3751937522369317,-1.896726535894834,-2.909323598575716,-0.4117130916280805,2.743942781954911,3.9927480354287286,7.266555886379413,4.872287458750973
ac686438bbd1e02ffb772a4a,AD2,sheet_metal,evaluation,33.53369140625,0.0008302479982376,0.0090934187173843,0.0048603117465972,0.0069677978754043,3,0,0.003178707207553,0.0393322608433663,7,-0.2650671944009405,-0.3755072462869609,1.865621613128694,-1.9976641935704689,-0.7745074808628105,-1.1313656939857046,-0.5197873376318756,-0.43832689431789335,-2.140172498009741
ae6a5521ae84bc1178464a15,AD2,sheet_metal,evaluation,37.81081008911133,-0.0003701597452163,0.0068574398756027,0.0054869055747985,0.0073328465223312,3,0,0.003178707207553,0.040879697073251,7,2.599224486144712,-2.0076488641991763,-0.5415047823072813,-1.3903726612065772,-0.5851851473348008,0.6044259124690674,1.0070196694049556,2.200264771409583,0.3451457592854732
b53f0384a93a7965952cd8ad,AD2,sheet_metal,evaluation,38.68933868408203,0.0002965629100799,0.0079744160175323,0.0032779425382614,0.007872000336647,3,0,0.0031798752024769,0.0396195687353611,7,3.187555634349521,-1.1011353905498025,0.6609675774797639,-3.531288334194821,-0.3055680083148626,-0.17186634992265,1.4409938130173292,2.515671237495087,0.4403737626514783
b58ecee733f6e01e044dfc7d,AD2,sheet_metal,evaluation,33.46556091308594,0.0010069459676742,0.0085331499576568,0.0061231106519699,0.0072890520095825,3,0,0.0031798752024769,0.0404576053842902,7,-0.3106926771688741,-0.1352587879686927,1.2624684459888829,-0.7737659555162953,-0.6078979540226456,-0.5422293163425848,-0.4592953155957598,-0.3570000050036163,-1.9536656617130679
b8c7f31b715d0dac7652e8af,AD2,sheet_metal,evaluation,33.917137145996094,-2.996623516082764e-05,0.0054871886968612,0.0054866671562194,0.0101933181285858,3,0,0.0031798752024769,0.0397526212036609,7,-0.0082820725158813,-1.5451027094170828,-2.0166384996271165,-1.3906037352735885,0.8983189391635796,-0.699442903894735,0.4450184333238491,-0.14651423879165204,-1.816076027038287
bcc491f9fe22d70969dd1953,AD2,sheet_metal,evaluation,37.070919036865234,-0.0003570467233657,0.0061276257038116,0.0061063915491104,0.0072548240423202,3,0,0.0031798752024769,0.040653949137777,7,2.103735830674226,-1.989819665066095,-1.3271808020686189,-0.7899700244654579,-0.6256493378137239,0.6568829031043841,0.7390432464302512,1.8143652451602579,0.044514939844672696
bdbeb371e47504491d93ebac,AD2,sheet_metal,evaluation,34.384422302246094,-0.0002380311489105,0.006564974784851,0.0056873708963394,0.0084489434957504,3,0,0.0031470049871131,0.0396197140216827,7,0.3046484502803562,-1.8279994224798235,-0.8563559009927004,-1.1960826972376966,-0.0063524760453924,-0.4457171234786702,0.1491479871174818,0.15457533552855096,-1.5210569950531956
be7ce52c0e4720ee15742b9c,AD2,sheet_metal,evaluation,36.82209396362305,0.0012680739164352,0.0054857581853866,0.0063218176364898,0.006680890917778,2,0,0.0031470049871131,0.0371549967676401,5,1.9371031884577208,0.2197854002223455,-2.0181785061178585,-0.5811801627916225,-0.9233037993275136,0.6779615128330494,0.5068996945651038,1.6852748533327864,-0.05532705829450224
bea7cc81d7eb9e0a73113e0e,AD2,sheet_metal,evaluation,34.40503692626953,0.003201425075531,0.001649796962738,0.0072956085205078,0.0072956085205078,3,0,0.0031470049871131,0.0398476519621908,7,0.3184536075523558,2.848477947405994,-6.147754036246325,0.3626129796573743,-0.6044976018815595,0.340533293604865,-0.1430219971646018,0.3228695447628577,-1.2239288050938315
c047c0d640497d025939479a,AD2,sheet_metal,evaluation,33.96445083618164,0.0009873807430267,0.0063115805387496,0.0059474110603332,0.0071861147880554,3,0,0.0031470049871131,0.0411273101344704,7,0.0234028582103606,-0.1618607634933921,-1.129145592399719,-0.9440531007743844,-0.6612834826376954,-0.4603251212820119,-0.3189403122136674,-0.07334273768811392,-1.707968425064434
c23aa34f9dbe6d0d9e4dad30,AD2,sheet_metal,evaluation,35.647518157958984,0.0016725212335586,0.0073175877332687,0.0083906799554824,0.0083906799554824,3,0,0.0031513000139966,0.0388949480839073,7,1.150515778149271,0.7696946307565363,-0.0461360277851564,1.4239506115691467,-0.0365692416627701,1.2872331948592088,0.5569732682432504,1.1778592614912586,-0.3397631630321536
c317ea57c250cad10195849c,AD2,sheet_metal,evaluation,34.04017639160156,0.0005221664905548,0.0097103714942932,0.0059379339218139,0.0069053024053573,3,0,0.0031513000139966,0.0372609221376478,7,0.0741145860057834,-0.7943921236465658,2.5297975374641712,-0.9532382949380808,-0.8069190192257982,-0.4395618544661487,-0.3664022166100074,-0.02862070208860301,-1.667620539543135
c51c179f6bf4eed9b3321539,AD2,sheet_metal,evaluation,53.83405303955078,0.0010164082050323,0.007837176322937,0.0057809352874755,0.0057809352874755,2,0,0.0031513000139966,0.0373234990984201,5,13.329635513131288,-0.1223933999578898,0.513223204774169,-1.1054005680649766,-1.3900407710568037,6.112117472533156,5.9697973710372425,11.886131905011663,9.29106260206597
c886eea4d7da673c5a3bf205,AD2,sheet_metal,evaluation,38.56764602661133,-0.0006320476531982,0.0057597756385803,0.0056029260158538,0.0072525739669799,3,0,0.0031513000139966,0.0389261096715927,7,3.106060756086372,-2.3637263355217906,-1.7231870544693046,-1.277926243347237,-0.6268162768439602,0.9140672563695672,1.2396222396212058,2.667662056143011,0.7858366003521989
c91a2ccc4c36c1cd4596db31,AD2,sheet_metal,evaluation,37.15385055541992,-0.000478520989418,0.006814420223236,0.005509465932846,0.0061030834913253,3,0,0.0031656407518312,0.039805865380913,7,2.1592732324309383,-2.1549828824898194,-0.5878172691695019,-1.3685072776156395,-1.2229675598337633,0.3953829774076494,0.4681528362985875,1.8064951814262804,-0.015491395795862895
ca474e12007784f279eb1dbc,AD2,sheet_metal,evaluation,38.99809646606445,0.0001654624938964,0.0053016394376754,0.0061722099781036,0.0075768828392028,3,0,0.0031656407518312,0.0396171677857637,7,3.3943238846156905,-1.279386860973493,-2.216390174863823,-0.72617913984117,-0.4586224950289712,1.3340723723872605,1.4678506947933596,2.9822735821700044,1.1258848579461305
cadabc0c8fd6c500b80bd958,AD2,sheet_metal,evaluation,34.28570938110352,0.0005704462528228,0.0070665180683135,0.0053007304668426,0.0060755312442779,3,0,0.0031656407518312,0.0391129539348185,7,0.2385425926327739,-0.7287482541111308,-0.3164232086447186,-1.5708126232839723,-1.2372567668993724,-0.6661350153255992,-0.4993570871332992,0.057607071041099245,-1.6445300081248955
cda504807d17084bd27ddb9e,AD2,sheet_metal,evaluation,37.69614028930664,0.0018287152051925,0.0058483332395553,0.0054016262292861,0.007106214761734,3,0,0.0031656407518312,0.0390568380244076,7,2.52243266016464,0.982064704975805,-1.6278510276517857,-1.473024966550657,-0.7027214103206567,0.5247038468069916,0.9098556249219916,2.1228868974931103,0.26634944119734794
d140e9032b3b8e5712cef49d,AD2,sheet_metal,evaluation,36.53470993041992,-0.0020928382873535,0.0056025087833404,0.005077913403511,0.0101328790187835,3,0,0.0031403852626681,0.0389966429211199,7,1.7446484645044709,-4.349899118947028,-1.8924915180452924,-1.7867657810351558,0.8669738748812053,-0.0210586582653424,1.305811169692838,1.3915070399505083,-0.4358054568889722
d2e3e79e1c3f22f562208163,AD2,sheet_metal,evaluation,36.37125015258789,0.0002419054508209,0.0056778192520141,0.0041802823543548,0.006427526473999,3,0,0.0031403852626681,0.0379421007819473,7,1.6351830705175752,-1.1754507342090543,-1.8114165930014188,-2.6567452012032526,-1.054704225361343,-0.5107810653428387,0.2902394225781161,1.2059902433454925,-0.6859881211926098
d759b447af9929c3f8eb3a7a,AD2,sheet_metal,evaluation,36.51335906982422,-0.0005408525466918,0.0054511129856109,0.0055595934391021,0.0082590281963348,3,0,0.0031403852626681,0.0390701559372246,7,1.7303502659013283,-2.239732359732636,-2.055475538315525,-1.3199239550265285,-0.1048467670411669,0.2052131554374,0.8127517494300807,1.4253228438085426,-0.3620909701138455
dc51891230c5f68f0d2b7798,AD2,sheet_metal,evaluation,36.6168212890625,0.0012631267309188,0.0065887868404388,0.005883365869522,0.0091546475887298,3,0,0.0031403852626681,0.0395619100891053,7,1.7996366233275265,0.2130589296403194,-0.8307212096155516,-1.0061253720252763,0.3596413354311775,0.3967556256511251,1.079638979379352,1.5190604237922463,-0.24714968544099736
dfd2b02a52f83d8506065cad,AD2,sheet_metal,evaluation,33.2518310546875,0.0026546418666839,0.0065766721963882,0.0048280507326126,0.0076892524957656,3,0,0.0031262277625501,0.0389338079839944,7,-0.4538228310614714,2.105040864463632,-0.8437631395840259,-2.028931403262926,-0.4003450961745862,-1.2413771171621988,-0.4270839636180288,-0.6113336882816169,-2.302349636968093
e02f43ac9ec7500a9b06862b,AD2,sheet_metal,evaluation,37.58042144775391,4.473328590393066e-05,0.0067702829837799,0.006362497806549,0.010168120265007,3,0,0.0031262277625501,0.0390180060639977,7,2.4449383141531467,-1.443537055719201,-0.6353328861026151,-0.5417531501078312,0.8852507676395425,0.9515925820226576,1.6650945408963445,2.146269167727049,0.3728082780031978
e20ac1a68607362b8fd9f6c6,AD2,sheet_metal,evaluation,33.77278137207031,0.0009467303752899,0.0090676844120025,0.0079494565725326,0.0089236348867416,3,0,0.0031262277625501,0.0385884558781981,7,-0.1049539380760238,-0.2171312808059436,1.8379175380296104,0.9963191663064872,0.2398330189692323,0.4456826141152317,0.0674395404466041,0.005173372362227313,-1.4587125921709552
e6853996cd56e9dc7788260e,AD2,sheet_metal,evaluation,39.32659530639648,-0.000737652182579,0.005178689956665,0.0062623023986816,0.0077484846115112,3,0,0.0031262277625501,0.0389935420826077,7,3.6143122845640576,-2.507312169903775,-2.348750524396273,-0.638862026769301,-0.3696260058090936,1.4877251288973783,1.622343139377482,3.1889948534307218,1.3242217708175341
e7462263ee482282944bbd73,AD2,sheet_metal,evaluation,51.84232711791992,0.0017919242382049,0.0078744888305664,0.0068096816539764,0.0082569867372512,3,0,0.0031466041691601,0.0394110372290015,7,11.995820763001907,0.9320416451353762,0.5533917074076988,-0.1083448531698909,-0.1059055130487323,5.943737954916008,5.944957624976587,10.785404201384727,8.368302731790926
e78033eac4b6d95bb53b2188,AD2,sheet_metal,evaluation,44.00119400024414,-0.000128149986267,0.0067566782236099,0.0051431059837341,0.0102937966585159,3,0,0.0031466041691601,0.0402529421262443,7,6.744787527706036,-1.6785988379260277,-0.6499789894989461,-1.7235814658367723,0.9504293357257224,2.5106030309346314,3.847608431715879,5.897950628351754,3.720040125740928
eabb63072fa6ebe30133e8a0,AD2,sheet_metal,evaluation,39.33784103393555,-0.0009339302778244,0.0056611597537994,0.0050664395093917,0.0082762241363525,2,0,0.0031466041691601,0.0384376030415296,5,3.621843299300892,-2.7741828642003026,-1.829351251924856,-1.7978862205100714,-0.0959285707438641,0.9119785393954104,1.762957364278514,3.079870347319796,1.1180315609861615
ec01a02c43014fc6730cb75b,AD2,sheet_metal,evaluation,36.7988395690918,0.0015534609556198,0.0074675977230072,0.007715567946434,0.008116602897644,3,0,0.0031466041691601,0.0391049301251769,7,1.921530235324836,0.6078136068095839,0.1153561111971696,0.7696355065684696,-0.1787116892332118,1.3455828709466529,0.8714092730458122,1.8063407624491994,0.17935031770890064
ec7ebd4b1b4487eef9515b9b,AD2,sheet_metal,evaluation,43.01321792602539,0.0001070201396942,0.0047418624162673,0.0071307271718978,0.0077328532934188,3,0,0.0031324912561103,0.0402352157980203,7,6.083161825968484,-1.358848359837066,-2.819013964772441,0.2028108201899198,-0.3777327544363645,3.142986323079202,2.85271453576606,5.495126725390628,3.5247444126494796
ec8f29a247365d62f0e7241f,AD2,sheet_metal,evaluation,38.34020614624024,-8.301436901092529e-05,0.0099597573280334,0.0080369710922241,0.0080369710922241,3,0,0.0031324912561103,0.0395365231670439,7,2.953749304037674,-1.6172299240918202,2.7982720023502554,1.0811377910287974,-0.2200105116013106,2.017443547533236,1.3668693962181817,2.7664881527367866,1.0919781597295994
ecef6defe9755b772f9b9f42,AD2,sheet_metal,evaluation,47.40655517578125,-0.0003712475299835,0.0123483091592788,0.0060355812311172,0.0074225664138793,3,0,0.0031324912561103,0.0390323991887271,7,9.025282507522416,-2.0091278773090795,5.36964971506447,-0.8585990223677936,-0.5386544195132583,4.083341742577312,4.2433140440045785,8.036894354533397,5.768721179957474
ed337729b3bcf5e03c94c73b,AD2,sheet_metal,evaluation,33.843055725097656,0.0014100521802902,0.0070735067129135,0.0051684081554412,0.0055367201566696,3,0,0.0031324912561103,0.0388237107545137,7,-0.057892759825695,0.4128270017450693,-0.308899635268071,-1.6990587304752056,-1.5166961602392084,-0.8784757451504503,-0.7872944600324517,-0.22200935689064608,-1.9137301264713478
edc64a739db7b397d837e7ed,AD2,sheet_metal,evaluation,33.44239807128906,0.0010330826044082,0.0074698030948638,0.0073094964027404,0.011238157749176,3,0,0.003171591204591,0.0385575168766081,7,-0.3262043194626531,-0.0997219524238924,0.1177302878703974,0.3760730440607785,1.4401959651378218,0.0249343622990626,0.5569958228375843,-0.25597658311030996,-1.7557735461335233
f26867f54bd62fbc71817e9b,AD2,sheet_metal,evaluation,37.33328628540039,-0.0003585964441299,0.0059136599302291,0.0057745575904846,0.0066098719835281,3,0,0.003171591204591,0.0394744896329939,7,2.279437367841804,-1.991926752236368,-1.5575240645745512,-1.111581799357527,-0.9601357954739131,0.5839277842421384,0.6596507861839453,1.9403354511218711,0.13119490699343905
f3eabf0bbd39cbb92b1f95a0,AD2,sheet_metal,evaluation,32.32992935180664,0.0023451000452041,0.0052344501018524,0.0040227770805358,0.0081983804702758,3,0,0.003171591204591,0.0384555892087519,7,-1.0711999892926751,1.6841704626551155,-2.288722354725878,-2.8093985067225478,-0.1363000243462122,-1.9402992480076116,-0.6037500068194437,-1.2450198410356625,-2.957098469431135
f46f3b110f5e9be69e7d08b8,AD2,sheet_metal,evaluation,37.96370315551758,-0.0001895874738693,0.0072467327117919,0.0066510587930679,0.0074478685855865,3,0,0.003171591204591,0.0389531571418046,7,2.7016135874514746,-1.7621326879552248,-0.1224144742797388,-0.2620813183783006,-0.5255321514778857,1.219766134536587,1.0880407179867944,2.4052440968684974,0.6368081683792595
f84bec0e51f18392c122405e,AD2,sheet_metal,evaluation,39.25481796264648,0.000492587685585,0.0068511962890625,0.005624771118164,0.0077543705701828,3,0,0.0031318062683567,0.0393624668940901,7,3.5662445867050745,-0.8346091239637999,-0.5482262689700005,-1.2567540819573328,-0.3665734169551641,1.1547452523738708,1.5998355848749553,3.0839447198388337,1.1711312713289819
fa3337c909b0b54902122fbe,AD2,sheet_metal,evaluation,32.4061393737793,0.0011738091707229,0.0068909972906112,0.0075457543134689,0.0081399083137512,3,0,0.0031318062683567,0.038664876949042,7,-1.0201638249736504,0.0916177709997646,-0.5053787967119502,0.6050530023397203,-0.1666249829862608,-0.2075554113169651,-0.5933944039799556,-0.8576421422423134,-2.2889792737702437
facd7de87157b0f947a75c1f,AD2,sheet_metal,evaluation,37.09626770019531,-0.0007925182580947,0.0057888776063919,0.0057211965322494,0.0090641528367996,3,0,0.0031318062683567,0.0387819400057196,7,2.120711269251657,-2.581911159912871,-1.6918575474232649,-1.163299063980478,0.3127087478111431,0.4787061026355894,1.2167100085314,1.7923102359284435,-0.009841047755117183
fbbb8d32911c261e65269e6a,AD2,sheet_metal,evaluation,53.214332580566406,0.0014339685440063,0.0084265321493148,0.0065831393003463,0.0065831393003463,2,0,0.0031318062683567,0.0367105430923402,5,12.914622443223818,0.4453450297093821,1.1476898372257416,-0.327908543218125,-0.9739999585218864,6.293356950002846,5.970311242350966,11.590369344579624,9.089590243401302
fcfe0902449d5644413e53d1,AD2,sheet_metal,evaluation,37.65708541870117,-0.0005059987306594,0.0076765120029449,0.0063782930374145,0.0069898515939712,3,0,0.0058859009295701,0.0401615090668201,7,2.4962784780494047,-2.1923431588550484,0.340261225782668,-0.5264444931683372,-0.763069932751885,0.9849169924405338,0.8666042726487599,2.1940061809276306,0.4181663939208502
0185a3fdb102b48e22215d2d,AD2,vial,evaluation,39.74259185791016,0.0021177530288696,-0.0026784688234329,0.0015904158353805,0.0015904158353805,1,0,0.0061093003023415,0.0275768521241843,3,-0.1770700967001541,1.2312962594542431,-3.918850711401587,-0.6201927389256052,-0.8898521341926726,-0.3986314178128797,-0.5334611154464134,-0.22138236092269925,-1.8147675512043864
08ae6fcb88666f88ae489912,AD2,vial,evaluation,37.13947296142578,0.0015070736408233,0.0039434283971786,0.0017251670360565,0.0017251670360565,2,0,0.0061093003023415,0.0299335960298776,5,-1.1004890542049044,0.9661809722518548,-0.3421389429201043,-0.579434292852508,-0.846438038658722,-0.8399616735287062,-0.9734635464318132,-1.0483835780696649,-2.572654379769726
08d251edd13fcdd8e713f586,AD2,vial,evaluation,38.78644180297852,-0.0012130737304687,0.0058791786432266,0.0065531283617019,0.0065531283617019,2,0,0.0061093003023415,0.0308791319839656,5,-0.5162505652279331,-0.2147212584261791,0.7034255615137585,0.880888140989958,0.7090328823746129,0.1823187878810124,0.0963911585733399,-0.376536694606144,-1.820764354212213
094070e454df1dc07f4c9e7e,AD2,vial,evaluation,54.105770111083984,-0.002102792263031,0.007265880703926,0.0056976675987243,0.0064442455768585,2,0,0.0062199507374316,0.0302017489448189,5,4.918060635481632,-0.6009762866893241,1.4524304787817468,0.6221353343317211,0.6739530641653265,2.770097984906677,2.79600684982348,4.488468105366642,2.6359297293992485
0a397b8eadd70343e46b0a4a,AD2,vial,evaluation,36.662845611572266,-0.0019721090793609,-0.0004490315914154,-0.0005985498428344,0.0022284686565399,2,0,0.0062199507374316,0.031920950859785,5,-1.2695657456746623,-0.5442425726498691,-2.714655883365373,-1.2822932553130768,-0.6842844955032743,-1.2759295004938696,-0.9769251205889684,-1.2708384966385038,-2.8416139411361705
0d1c69b90036cb625a001cf3,AD2,vial,evaluation,48.26616287231445,-0.0038155317306518,0.0075193643569946,0.005506545305252,0.005506545305252,1,0,0.0062199507374316,0.0279394341632723,3,2.84654402671496,-1.344530801135728,1.5893456157648302,0.5643262190675892,0.3718451128482369,1.7054351228912747,1.6091945697815986,2.6183222459502233,0.908399235854419
0d9fc52bfe65d4cffef5dac8,AD2,vial,evaluation,47.027931213378906,-0.0026304423809051,0.0044713765382766,0.0056876242160797,0.0056876242160797,1,0,0.0062199507374316,0.0277522578835487,3,2.407299169636837,-0.8300459348235434,-0.0569762068487007,0.619097493719837,0.4301850541208862,1.513198331678337,1.4187421118788617,2.228479002045137,0.5543787307725933
0ddda664e34d703e38ea685e,AD2,vial,evaluation,41.89396286010742,0.0021078586578369,0.0045170933008193,0.0004660487174987,0.0053547471761703,2,0,0.0061094160191714,0.0316420099698007,5,0.5860977980656059,1.2270007992350644,-0.0322830294773468,-0.9602821504533672,0.3229388437777565,-0.1870921761938805,0.4545183209216812,0.43145980321370864,-1.2445645739311475
0fb19517f975ee2c743dea75,AD2,vial,evaluation,39.99744415283203,-0.0025695860385894,0.0064902305603027,0.0015873312950134,0.0083902180194854,3,0,0.0061094160191714,0.033382446039468,7,-0.0866649135898929,-0.8036262668489557,1.033475471705123,-0.6211257255823709,1.3009057971045803,-0.3538953195861319,0.6071204417573437,-0.1401109947891407,-1.7400080339376118
0fbebf6c186c586b6d825910,AD2,vial,evaluation,43.341915130615234,-0.0018697082996368,-0.0049398839473724,-0.0003541409969329,-0.0003541409969329,2,0,0.0061094160191714,0.0313386390917003,5,1.0997380232411549,-0.4997871470080064,-5.1403178857999015,-1.208366457514676,-1.5163487862875469,-0.0543142171367606,-0.208305381523196,0.8689275751655718,-0.8643144067122139
0fde969fcea44d171a3134b6,AD2,vial,evaluation,38.651851654052734,2.312660217285156e-05,0.0025019645690917,0.0022891610860824,0.0084875971078872,3,0,0.0061094160191714,0.0322955418378114,7,-0.5639944831793198,0.3219525063073658,-1.120722552117599,-0.408841964485743,1.3322793583469077,-0.4864182238325314,0.3841424375837939,-0.5484792313099621,-2.096724558788106
100f041e93322a67965ddcd7,AD2,vial,evaluation,55.406044006347656,-0.0026536881923675,0.0101258307695388,0.0039467811584472,0.0070829093456268,2,0,0.0062869255198165,0.0301438933238387,5,5.379314082819983,-0.8401376787119755,2.9971867195018245,0.0925414591145451,0.8797175377454571,2.735927770967264,3.12951581028272,4.85063682044944,2.921163591996018
1175d5ab627c9c8827629b6b,AD2,vial,evaluation,36.94157409667969,-0.0026778578758239,-0.002213180065155,-0.0003647804260253,0.0010496377944946,3,0,0.0062869255198165,0.0310421627946198,7,-1.1706908277858248,-0.8506305047293069,-3.6675324377964618,-1.2115845854032297,-1.064079817596698,-1.1911377065945272,-1.1173853226912611,-1.1747802035475652,-2.7467035891527036
130ef5a5726f105960e89bf1,AD2,vial,evaluation,37.00971221923828,-0.0021273493766784,-0.0017404109239578,0.0012154728174209,0.0012154728174209,2,0,0.0062869255198165,0.0358586083166301,5,-1.1465198096335754,-0.6116373084381294,-3.4121737551168843,-0.7336024503146655,-1.0106511468903685,-0.9400611299741204,-1.078585478261972,-1.1052280737016844,-2.6390628095001203
13a51d3d101318f4455bbc0c,AD2,vial,evaluation,43.6212272644043,-0.0025781989097595,0.0018320828676223,-0.0004295110702514,-0.0004295110702514,1,0,0.0062869255198165,0.0289834509603679,3,1.1988199820983771,-0.8073653873409516,-1.4825484284960904,-1.2311637836495566,-1.5406314906125187,-0.0161719007755897,-0.1709057542570707,0.9558216055235839,-0.786370730991949
1501ac279238e42c9ea45e67,AD2,vial,evaluation,41.19009017944336,-0.0009334981441497,0.0058513283729553,0.0052059739828109,0.0052059739828109,1,0,0.0061283805407583,0.0296398028731346,3,0.3364090966110951,-0.0933486309679972,0.6883826839038953,0.4734118526249878,0.2750071474589505,0.4049104746180414,0.3057081220350228,0.3501093722124844,-1.1887389498734842
163f21cdd3b13dcc4ed289de,AD2,vial,evaluation,51.30527114868164,-0.0041452050209045,0.0050969570875167,0.0096904188394546,0.0096904188394546,1,0,0.0061283805407583,0.0285193263553082,3,3.924623940812304,-1.4876524304868002,0.2809211114055941,1.8298302217408025,1.7198040505398182,2.877227081276553,2.822213995676061,3.7151445689051537,2.0338924449277904
1720848d1bf41b2eb6beb7bb,AD2,vial,evaluation,41.96843719482422,0.0018270909786224,0.0025591701269149,0.0003245770931243,0.0051718205213546,2,0,0.0061283805407583,0.0310616502538323,5,0.6125164962733299,1.1051106464492706,-1.0898238859087894,-1.0030733355709147,0.264003596981917,-0.1952784196487924,0.4382600466276234,0.45095751308890547,-1.2305109633888645
1d87c1cb59279216c21281c3,AD2,vial,evaluation,41.96011734008789,-0.0009770989418029,0.0046235173940658,-0.0014892518520355,-0.0014892518520355,1,0,0.0061283805407583,0.0300513450056314,3,0.6095651475671349,-0.1122771198254026,0.0252002406615739,-1.5517055472044086,-1.8820584115661287,-0.4710701998186368,-0.6362466319994969,0.39343807808998055,-1.3335133693627412
1eb7cf8c85b18f924fa51b8a,AD2,vial,evaluation,47.093353271484375,-0.0013059675693511,-0.0084729045629501,-0.0026372224092483,-0.0026372224092483,1,0,0.0061720287194475,0.0285457158461213,3,2.430506703021177,-0.2550494195803368,-7.0486224083604885,-1.8989343348882892,-2.251911171252076,0.2657861840664438,0.0892977658845506,1.9975625992302306,0.11209551597432377
212a5aa24fd1af4de2722aed,AD2,vial,evaluation,53.87394714355469,-0.0018141567707061,0.0081598162651062,0.0060740411281585,0.0068261474370956,2,0,0.0061720287194475,0.029423105996102,5,4.835824774764447,-0.4756704667412917,1.935275460426104,0.7359777351847885,0.796994074276973,2.785901254974618,2.81640942452071,4.425840070806482,2.5886358309486175
236b5357662685a73021a3a6,AD2,vial,evaluation,58.47311782836914,-0.0019012689590454,0.001022920012474,0.000991404056549,0.000991404056549,3,0,0.0061720287194475,0.0314491111785173,7,6.467314371683542,-0.5134886300565317,-1.9196047901712063,-0.8013769447967138,-1.0828415432791791,2.832968713443414,2.6922364142021813,5.740445240035516,3.6590886405735548
23a75855fcd17d7ff38cd713,AD2,vial,evaluation,56.39889907836914,4.151463508605957e-05,-8.207559585571289e-05,0.0005424618721008,0.0042752921581268,3,0,0.0061720287194475,0.0317855952307581,7,5.731515127803978,0.3299353344857794,-2.5164504772548906,-0.9371693215843144,-0.0248396030402145,2.397172903109832,2.853337762381882,5.064646682865149,3.0243474658129377
251890f873978b8f6f7e85a4,AD2,vial,evaluation,43.01948547363281,-0.0027865469455718,0.0056880563497543,0.0040396749973297,0.0040396749973297,1,0,0.0060771229909732,0.028826321940869,3,0.9853607436933668,-0.8978158764743223,0.6001939145238679,0.1206392311835143,-0.1007506589489645,0.5529999874384406,0.4423050423722012,0.8988885924423816,-0.7155264616218835
2797b1ae97bd4b76dad27d67,AD2,vial,evaluation,39.32865905761719,4.163384437561035e-05,0.0074609369039535,0.0074899047613143,0.0087226629257202,3,0,0.0060771229909732,0.0319159249775111,7,-0.3239067991803128,0.3299870870185406,1.5577869624163692,1.1642366393678558,1.4080127827688993,0.4201649200937715,0.5420529917942932,-0.1750924553254959,-1.609410462299619
27f8654179d453ee074b1419,AD2,vial,evaluation,50.40005493164063,-0.0013099908828735,0.0014614015817642,-0.0053355395793914,-0.0053355395793914,1,0,0.0060771229909732,0.0278436667285859,3,3.6035115181007176,-0.256796067561027,-1.6827659905201444,-2.7150993435538338,-3.121254070000644,0.4442060872734419,0.2411287240500368,2.9716504319352626,0.934725915871916
290ce7a033eff6b15677490c,AD2,vial,evaluation,48.64067840576172,0.0048007667064666,0.0040318071842193,0.0038752555847167,0.0038752555847167,1,0,0.0060771229909732,0.0303362081758677,3,2.979398021179936,2.3960775761771664,-0.2944025560265256,0.0709069859141839,-0.1537232488109141,1.52515250354706,1.4128373861845107,2.688548917653361,0.9280760900050609
2ad0635bf750de3b2b16aa22,AD2,vial,evaluation,37.33476257324219,0.001917541027069,0.0036593526601791,0.0034213066101074,0.0034213066101074,1,0,0.0061685439432039,0.0278911902569234,3,-1.0312128755414702,1.144377880681824,-0.4955779042654399,-0.066399803997442,-0.2999763734759888,-0.5488063397694561,-0.6655946245087295,-0.9347315683870675,-2.4212045113823097
2b8968c31befe61a607abbaa,AD2,vial,evaluation,42.54676818847656,-0.0022365450859069,0.0039359182119369,-0.0002136081457138,-0.0002136081457138,1,0,0.0061685439432039,0.0282700099050998,3,0.8176710913908947,-0.6590426284473798,-0.3461954492418652,-1.1658592248578827,-1.4710719605681295,-0.174094066733494,-0.3267004345886175,0.619318059766017,-1.0903089647935764
2d925ec69a44caf8b8c49d2a,AD2,vial,evaluation,53.8621940612793,-0.005951851606369,0.0055849254131317,0.0053462088108062,0.0053462088108062,2,0,0.0061685439432039,0.0297523043118417,5,4.8316555380089286,-2.271975002615832,0.5444893902125446,0.5158289416434461,0.3201879561584981,2.673742239826187,2.575921747083713,4.400072878372381,2.544830196963488
2eda804c7dbf249ba6f8fee3,AD2,vial,evaluation,52.79297256469727,-0.0032411515712738,0.0077531784772872,0.007427230477333,0.007427230477333,1,0,0.0061685439432039,0.0285794869996607,3,4.452364603181136,-1.095174160159122,1.715636569524254,1.1452794322260391,0.9906508016515718,2.798822017703588,2.7215077024163543,4.121656086085626,2.3458315698841754
2f8061163881c4490c808c4b,AD2,vial,evaluation,36.55241012573242,0.0018204301595687,0.0038285553455352,0.0063318163156509,0.0063318163156509,3,0,0.0060982505092397,0.0331921530887484,7,-1.3087411445945831,1.1022189736812391,-0.4041857826710061,0.813947475162507,0.6377306434195943,-0.247396834716038,-0.3355052505874944,-1.0964722826188742,-2.4898734945683856
32a6db5684114ea33f29a208,AD2,vial,evaluation,39.26176452636719,-7.894635200500488e-05,0.0023818016052246,0.005979984998703,0.0086163729429245,2,0,0.0060982505092397,0.0314602530561387,5,-0.3476366712169183,0.2776394001305964,-1.1856266532657729,0.7075284029263135,1.373768312632477,0.1799458658546975,0.5130658207077792,-0.24212016380259516,-1.7127864131695052
330563a8dd047ff0f385cac8,AD2,vial,evaluation,41.94610977172852,-0.0013939440250396,0.0012229532003402,-0.0015302598476409,-0.0015302598476409,1,0,0.0060982505092397,0.0283273728564381,3,0.6045961643258931,-0.2932427887580954,-1.811560066236052,-1.5641093118392824,-1.8952703535001587,-0.4797565737566946,-0.6453370945871328,0.38772561670937555,-1.3399052394927393
33474bed37f7f25d414dff09,AD2,vial,evaluation,40.30762481689453,-7.447600364685059e-05,0.0059942454099655,-0.0007029175758361,-0.0007029175758361,1,0,0.0060982505092397,0.029390568844974,3,0.0233672120396957,0.2795801201091411,0.765577033372166,-1.313861557457937,-1.628717504640709,-0.6452471727091208,-0.8026751463005066,-0.11035566491006758,-1.7757784373426513
373d0b88d00bc88858ef0d2d,AD2,vial,evaluation,39.80503082275391,-0.0010090470314025,0.002636045217514,0.0029850751161575,0.0029850751161575,1,0,0.0061552140396088,0.0349705377593636,3,-0.1549207727097824,-0.1261467986054017,-1.0483010364763206,-0.1983475546100618,-0.4405212863098274,-0.1766341636599221,-0.2977210295098049,-0.15926345089981037,-1.7190914920970903
37726e828c5a58652587e655,AD2,vial,evaluation,42.95763397216797,0.0035395622253417,-0.00198395550251,-0.002142921090126,-0.002142921090126,1,0,0.0061552140396088,0.0282223490066826,3,0.963419813880324,1.8485487176969615,-3.5437204601225583,-1.7494220963461264,-2.092657342096684,-0.3930011412329012,-0.5646187641081799,0.6921356228576789,-1.0764665814823808
38d4b2228bbeccd48115cc2c,AD2,vial,evaluation,42.49042892456055,-0.001803696155548,0.0037181377410888,0.0001784414052963,0.0001784414052963,1,0,0.0061552140396088,0.0284934733062982,3,0.7976855485014884,-0.4711291819914973,-0.463826083949276,-1.0472752686284028,-1.34476157092993,-0.1247948600634571,-0.2735380112142208,0.6131894667884994,-1.0851388801667712
393fa49d814901fb3b57921b,AD2,vial,evaluation,55.024444580078125,-0.0020879507064819,0.009093165397644,0.0045412927865982,0.0070799440145492,2,0,0.0061552140396088,0.0298708649352192,5,5.243947179346568,-0.594533096360556,2.439409051636052,0.2723644960467976,0.8787621683977566,2.758155837696683,3.061354673872162,4.7467889110165915,2.841926379136204
39b149c2faaa7b719114254c,AD2,vial,evaluation,43.10689163208008,-0.0039823651313781,0.0083589553833007,0.0039535611867904,0.0039535611867904,1,0,0.0060972247738391,0.0286462111398577,3,1.0163668202202112,-1.416958470735014,2.042837266942001,0.0945922268866627,-0.1284947768402285,0.555479523553437,0.4439360216899913,0.9241893608868563,-0.6946017318799491
3b47ad8cb8a765b15660708a,AD2,vial,evaluation,40.05166244506836,-0.0018004179000854,0.0066186040639877,0.0091213732957839,0.0091213732957839,3,0,0.0060972247738391,0.0318990610539913,7,-0.0674317548731802,-0.4697059873405645,1.1028143644868094,1.657709958704262,1.53646915280118,0.7951391019155408,0.7345186989639999,0.10508241648456401,-1.3063898499608055
3b48d1a281c87c5d12e1a5e7,AD2,vial,evaluation,37.59281921386719,0.0001871883869171,0.0062724202871322,0.0031896978616714,0.0031896978616714,2,0,0.0060972247738391,0.0311985616572201,5,-0.9396709969185068,0.3931769295199541,0.9158287397504038,-0.1364549325293617,-0.3745960004674953,-0.5380629647239342,-0.6571334986930011,-0.8593493904795922,-2.3581719419511784
3c78615814c63382d9b3725b,AD2,vial,evaluation,47.85115432739258,-0.0025726854801177,0.0015955716371536,0.0010358244180679,0.0010358244180679,2,0,0.0060972247738391,0.0344889950938522,5,2.69932571931268,-0.8049718327007466,-1.6102961831369405,-0.7879410355029062,-1.0685302064676443,0.9556923419048868,0.8153977564225178,2.3505990438311213,0.5385295392801577
406f57d8867a8f9920294544,AD2,vial,evaluation,37.95180130004883,-0.0001201629638671,0.0047889947891235,0.0043675005435943,0.0043675005435943,2,0,0.0061292902100831,0.0295169982127845,5,-0.8123272692722499,0.2597459619284148,0.1145802063424358,0.2197972333518366,0.0048680629073787,-0.2962650179602066,-0.4037296031824355,-0.7091148190098413,-2.18732985292554
40c2fb0abbac2d9b9e9df9d2,AD2,vial,evaluation,42.556602478027344,-0.0035163462162017,0.006986916065216,0.0053201764822006,0.0053201764822006,1,0,0.0061292902100831,0.0283863679505884,3,0.8211596640477359,-1.2146448820383302,1.3017521953498317,0.5079548948348979,0.3118008694729058,0.6645572794413168,0.5664802667603208,0.7898391871264521,-0.780631946161126
4210f14261589f73cc351627,AD2,vial,evaluation,54.58023452758789,-0.0062189102172851,0.0056169629096984,0.0063513368368148,0.0063513368368148,2,0,0.0061292902100831,0.0310092116706073,5,5.086370057480316,-2.3879136141340886,0.5617939310692626,0.819851883473439,0.6440197582210402,2.9531109704768777,2.865194907850678,4.659718240079628,2.8116681573408377
4368a46c1df78640b7c5ba2d,AD2,vial,evaluation,54.61493682861328,-0.0058489441871643,0.0044197142124176,0.0045543164014816,0.0045543164014816,3,0,0.0061292902100831,0.0321415523067116,7,5.098680199241094,-2.227299628709734,-0.0848807850581152,0.2763037730420301,0.065056331812514,2.687491986141562,2.581868265526804,4.6164425566211875,2.7222467723839934
45a2ffeaa8d4dc8cd6468205,AD2,vial,evaluation,39.29834365844727,-0.0007312297821044,0.0045049339532852,-1.8596649169921875e-05,0.0078454464673995,2,0,0.0061236497713252,0.0324168200604617,5,-0.3346607506558434,-0.0055375210054473,-0.0388507063792454,-1.1068737351134812,1.125391485634305,-0.7207672428846623,0.3953653674892308,-0.41188204910160714,-2.034584889665184
472d07a4e18ce4fbf68a561c,AD2,vial,evaluation,53.66428756713867,-0.0017900466918945,0.0063004195690155,0.0049818307161331,0.0056254118680953,2,0,0.0061236497713252,0.0302820559591054,5,4.76145105801012,-0.4652035169903409,0.93095210359681,0.4056148222333558,0.4101415012231483,2.583532940121738,2.5857962796166345,4.3258674344324435,2.4664419918874225
487fb961815dd230cf9d9efd,AD2,vial,evaluation,41.81772613525391,0.0004788041114807,0.0010923147201538,-0.0001328140497207,-0.0001328140497207,1,0,0.0061236497713252,0.028727157972753,3,0.5590539173258955,0.5197765627870163,-1.8821223498131896,-1.1414212845053082,-1.4450417464815346,-0.2911836835897063,-0.4429939145778195,0.3890063971427751,-1.3001794985049577
4e204994de3f8a049e680efe,AD2,vial,evaluation,49.588356018066406,-0.0014102458953857,0.0026908069849014,0.0085011422634124,0.0085011422634124,3,0,0.0061236497713252,0.0320142516866326,7,3.3155730126437724,-0.3003199476131882,-1.0187223445468143,1.4701075257837128,1.336643331899972,2.3928402692137425,2.326108172271872,3.1310264639577667,1.4631609215869825
505b193495cc0414bc628044,AD2,vial,evaluation,50.41365432739258,-0.0012727975845336,0.0043206512928009,0.0084810703992843,0.0084810703992843,1,0,0.0061390928458422,0.0284847100265324,3,3.608335707984984,-0.2406492773395356,-0.138388035111818,1.4640363517418615,1.3301765856117678,2.5361860298634227,2.469256146798376,3.3939057723606716,1.704698643678488
5162442239d7cbe550815333,AD2,vial,evaluation,56.36084365844727,-0.0001348257064819,-0.0011197328567504,0.0008450001478195,0.0029373914003372,2,0,0.0061390928458422,0.0310475877486169,5,5.718015515381694,0.2533804003987884,-3.0769244340448503,-0.8456600071287032,-0.4558840094889319,2.4361777541264957,2.631065752946381,5.061647963130654,3.02993089877787
53b36875d3fd5edb96b02eed,AD2,vial,evaluation,41.70707702636719,0.002249538898468,0.0040911138057708,0.0041077882051467,0.0041077882051467,3,0,0.0061390928458422,0.0323661202564835,7,0.519802738705128,1.2885086844217393,-0.2623690338824616,0.1412415597249416,-0.0788059690578125,0.3305221492150348,0.2204983848236577,0.4819466208071094,-1.097618757601639
5485d8cc58bc644c9c5de1ef,AD2,vial,evaluation,54.5532112121582,-0.0020595788955688,0.0084825605154037,0.0059040933847427,0.0059040933847427,2,0,0.0061390928458422,0.0301979193463921,5,5.076783925323193,-0.5822159935633926,2.1096006001543155,0.6845733254243469,0.499927016503027,2.88067862537377,2.78835547091311,4.637562865333309,2.7789283081384903
55ba2cc4a7bffb8dad5837a4,AD2,vial,evaluation,38.90874862670898,0.0006661713123321,0.0033516585826873,0.0001173913478851,0.0087121874094009,3,0,0.0061112066032364,0.0327773042954504,7,-0.4728639800752389,0.6011186061544174,-0.661773934102821,-1.0657411929412943,1.4046377845204898,-0.7693025865082668,0.4658869022226254,-0.5321517013618444,-2.141592868403861
58213cc55d7086e0a352e165,AD2,vial,evaluation,49.966896057128906,-0.0006701052188873,0.0051168203353881,-0.0027512609958648,-0.0027512609958648,1,0,0.0061112066032364,0.0281566642224788,3,3.4498546425443446,0.020998590167853,0.2916499267367593,-1.9334277980971155,-2.2886520839051028,0.7582134222236145,0.5806012793196209,2.911526398480199,0.9506394338447121
592d2b56993ffffdcb5e119c,AD2,vial,evaluation,44.13973236083984,-0.0008800029754638,-0.0049465149641036,0.0010622888803482,0.0052650123834609,3,0,0.0061112066032364,0.0357622699812054,7,1.382752201352,-0.070124681891413,-5.143899523326059,-0.7799362804187725,0.2940281190950793,0.3014079604666137,0.8383901602235396,1.1664833531749226,-0.5512188206702078
5bf04a00746d90ae7a2c3212,AD2,vial,evaluation,43.11042404174805,-0.0027602314949035,0.0042887777090072,0.000536486506462,0.000536486506462,1,0,0.0061112066032364,0.0295254038646817,3,1.0176198917020711,-0.8863915048672895,-0.1556040411083389,-0.938976701532928,-1.2294067232588293,0.0393215950845716,-0.105893415778379,0.8219602323785713,-0.8830011782702236
5e001a90fec6100a4eb18470,AD2,vial,evaluation,49.32901763916016,0.0044866800308227,0.0039661079645156,0.0041754245758056,0.0041754245758056,1,0,0.0061271954327821,0.0295004067011177,3,3.223576455815728,2.25972259048462,-0.3298889377182789,0.1616996584450332,-0.0570149063984514,1.6926380571303803,1.5832807747086382,2.917388776078658,1.147099446306123
5e654463cec9c5410617249a,AD2,vial,evaluation,53.31561279296875,-0.0059745907783508,0.0075788646936416,0.0064160525798797,0.0064160525798797,2,0,0.0061271954327821,0.0318566900677979,5,4.637763700929723,-2.281846798240029,1.6214837700164,0.8394265745378491,0.664869854085681,2.738595137733786,2.651316777507702,4.2579299882905355,2.4434375437772955
5edb2a00a6a9fbd6077f5c5b,AD2,vial,evaluation,37.24932098388672,-0.0016725361347198,-0.0010910332202911,-0.0035731494426727,0.0010503977537155,2,0,0.0061271954327821,0.0320088360458612,5,-1.0615220494623123,-0.4141884578209975,-3.0614227848866924,-2.182025923896933,-1.063834974196031,-1.6217739866796228,-1.0626785118291715,-1.1735724369057743,-2.8340889080402807
5fa9afc184f8bfe730384a41,AD2,vial,evaluation,52.66979217529297,-0.002824991941452,0.0032301992177963,0.0052072405815124,0.0052072405815124,1,0,0.0061271954327821,0.0284575070254504,3,4.408668133180337,-0.9145060682898062,-0.7273782655089179,0.4737949630879108,0.2754152197933955,2.441231548134124,2.342041676486866,4.015180816171094,2.1865413711407307
5fc9c9340ccc8e39447114e3,AD2,vial,evaluation,47.57027816772461,-0.0019024312496185,0.0054040849208831,0.0050669461488723,0.0050669461488723,1,0,0.0061048559146001,0.0280829272232949,3,2.599688944788543,-0.5139932172509533,0.4468112935441123,0.4313598453417857,0.230215207689874,1.5155243950651642,1.4149520762392085,2.382856034843867,0.6794275731701165
620719d7978366fde50f2fa8,AD2,vial,evaluation,41.89606475830078,0.0016394257545471,0.0041697472333908,0.003015249967575,0.003015249967575,3,0,0.0061048559146001,0.0323646278120577,7,0.5868434161935809,1.0236392217499666,-0.2198964468587868,-0.1892205112286593,-0.4307995630480504,0.1988114524824608,0.0780219265727652,0.5092370234513569,-1.1026222908111882
648fc6d48c352f86fc57518b,AD2,vial,evaluation,40.44188690185547,-0.0001006126403808,0.007720872759819,3.4809112548828125e-05,3.4809112548828125e-05,1,0,0.0061048559146001,0.03442467097193,3,0.0709947540219246,0.2682333773012501,1.6981871534417592,-1.0907199951238782,-1.3910369736559889,-0.5098626205509768,-0.6600211098170321,-0.04517672089265569,-1.6954047293855772
64a0546c0514860f888a899e,AD2,vial,evaluation,42.27938079833984,-0.0004602372646331,0.0060344040393829,-0.0021977424621582,-0.0021977424621582,1,0,0.0061048559146001,0.0290629961527884,3,0.7228192636916573,0.1121089240939288,0.7872680741204706,-1.76600401861782,-2.1103196729016607,-0.5215923774630814,-0.6937502046050017,0.4739369354607095,-1.2789227377471453
66c6c4261bf3c7f068def984,AD2,vial,evaluation,41.99513244628906,0.000474214553833,0.0002117455005645,0.0044285506010055,0.0069104880094528,3,0,0.006134366733022,0.0315811913460493,7,0.6219862524612956,0.5177840902757105,-2.357747716039651,0.2382631576647282,0.824166890900014,0.4301247050630119,0.7230765716806549,0.5836139429816389,-0.9951433685082343
69e1e2c8109ec9641ef8e674,AD2,vial,evaluation,53.00348281860352,-0.0037183761596679,0.0053306072950363,0.0065070986747741,0.0065070986747741,1,0,0.006134366733022,0.0286806221120059,3,4.527040085529907,-1.3023524869353578,0.407123530304821,0.8669654560491422,0.6942030536557836,2.697002770789525,2.6106215695928454,4.16103262258183,2.3567139724549135
6ad4558b0674c92ce5c7d2c3,AD2,vial,evaluation,50.13998794555664,0.002826988697052,0.0055819004774093,0.0038412362337112,0.0038412362337112,1,0,0.006134366733022,0.0292418389581143,3,3.5112564983644274,1.5391979531169455,0.5428555196107243,0.0606170895982621,-0.1646835916290065,1.7859367939813449,1.6732864533677103,3.166192557487811,1.367010318196134
6af934a9e45662a7f04d930d,AD2,vial,evaluation,37.199798583984375,0.0016736686229705,0.004371166229248,0.001795470714569,0.001795470714569,2,0,0.006134366733022,0.0289189852774143,5,-1.0790894079693387,1.0385051367856184,-0.1111032009237836,-0.5581694085693196,-0.8237876236715299,-0.8186294082693292,-0.9514385158204344,-1.026997408029337,-2.5510201713593608
6cb29e03c77299c1e0cd7546,AD2,vial,evaluation,41.27634811401367,0.0013604760169982,0.0059958398342132,0.0097360014915466,0.0097360014915466,2,0,0.0060837339842692,0.0310961380600929,5,0.3670078572458877,0.9025382950887808,0.7664382361031747,1.843617691224116,1.7344898537288431,1.105312774235002,1.0507488554873656,0.5146688406437105,-0.9122391426642786
6ff40ba099543719f9f0a796,AD2,vial,evaluation,47.06469345092773,-0.0011669993400573,-0.0035137832164764,-0.0014733374118804,0.000598520040512,3,0,0.0060837339842692,0.0318996990099549,7,2.4203400442272094,-0.194718904513979,-4.370032407589977,-1.546891876917328,-1.209420780573013,0.4367240836549406,0.6054596318270982,2.023616852112756,0.1681933056536642
7246fce894bb5b9b01fbf13c,AD2,vial,evaluation,37.61771774291992,0.0009209662675857,0.0060117840766906,0.0034123361110687,0.0034123361110687,2,0,0.0060837339842692,0.0310873859561979,5,-0.9308386021430206,0.7117331758648668,0.7750502634132623,-0.0691131275113206,-0.3028664857740578,-0.4999758648271706,-0.6168525439585393,-0.8446660546798507,-2.3385086235216366
739e090bf2920a95bccad43c,AD2,vial,evaluation,53.29728317260742,-0.0028534829616546,0.005897969007492,0.0048518776893615,0.0048518776893615,1,0,0.0060837339842692,0.0294805406592786,3,4.631261531955277,-0.9268749236197308,0.7135748759418149,0.3663076887374495,0.1609245253011194,2.498784610346363,2.396093028628198,4.204766147633494,2.351332597134798
7542eabcedc3c554efcfe88e,AD2,vial,evaluation,42.47835922241211,-0.0010563731193542,-0.0005835890769958,-0.0003753304481506,-0.0003753304481506,1,0,0.006090150331147,0.0286386790685355,3,0.7934039954036429,-0.1466925541115943,-2.787334954963588,-1.214775670200283,-1.5231755964002611,-0.21068583739832,-0.3648858004983092,0.5925860288432503,-1.1193879270233813
79c0f261b5db67b050467286,AD2,vial,evaluation,43.83173370361328,-0.0032478868961334,-0.0049791783094406,-0.0013472288846969,-0.0013472288846969,3,0,0.006090150331147,0.0335980108939111,7,1.273494111238204,-1.0980981782601291,-5.161542106376257,-1.5087475963559414,-1.8363015007473649,-0.1176267425588687,-0.2814036947545805,0.9952699404787895,-0.7753556217433912
7a80f9bb0c32c99b7c7e22a6,AD2,vial,evaluation,37.10973739624024,-0.0024256706237792,-0.0009171515703201,0.0001251399517059,0.0009991228580474,3,0,0.006090150331147,0.0307340701110661,7,-1.1110373179209936,-0.7411480216730084,-2.9675033954648127,-1.0633974583445889,-1.0803547024645617,-1.0872173881327911,-1.0956960101927775,-1.106273331963353,-2.6701004482239066
7d329c0c342fa7b05abc495d,AD2,vial,evaluation,40.41249847412109,-0.0002397298812866,0.0053757578134536,0.0001899302005767,0.0001899302005767,1,0,0.006090150331147,0.0338535699993371,3,0.0605696323197115,0.2078381715689408,0.431510859977312,-1.0438002313705947,-1.3410601148139647,-0.4916152995254416,-0.6402452412471266,-0.04986735404931913,-1.6954456773790207
7f5ff35aac1712c0e870faf0,AD2,vial,evaluation,42.54004287719727,-0.0027539432048797,0.0068900287151336,0.005814179778099,0.005814179778099,1,0,0.0061343895504251,0.0293303146027028,3,0.8152853840231633,-0.8836615587641367,1.2494200443496548,0.6573769897387262,0.4709586816084282,0.7363311868809448,0.6431220328157957,0.7994945445947196,-0.7581138461193713
7f6aa1439991e87d0719a352,AD2,vial,evaluation,43.1028938293457,-0.0037263333797454,0.0062590837478637,0.0048222243785858,0.0048222243785858,1,0,0.0061343895504251,0.0283636008389294,3,1.0149486572472206,-1.3058069684971672,0.9086252215798164,0.3573383967231331,0.1513708318241138,0.6861435269851769,0.5831597445356672,0.949187631194812,-0.6476196274488633
80a6a75554772bdba4db23db,AD2,vial,evaluation,44.1491584777832,-0.0045751929283142,-0.0012749582529067,0.0042203068733215,0.0042203068733215,2,0,0.0061343895504251,0.0329348254017531,5,1.3860959806518662,-1.674323816156414,-3.160766946651562,0.1752752903782598,-0.0425547432061194,0.7806856355150631,0.6717706187228734,1.2650139116245056,-0.3733711215573725
826ba0f60ec9ad1621eb679a,AD2,vial,evaluation,37.58246994018555,0.0006022006273269,0.0050614476203918,0.0042278915643692,0.0042278915643692,2,0,0.0061343895504251,0.031216184142977,5,-0.9433422527827466,0.5733469032614436,0.2617412412374272,0.1775694459738815,-0.0401111100504431,-0.3828864034044326,-0.4917266814165948,-0.8312510829070838,-2.303658724540697
8446ef8810e2f22ffae97270,AD2,vial,evaluation,40.58373260498047,-0.0003394782543182,0.0082855224609375,-0.0004802048206329,0.0061044245958328,2,0,0.0061285899719223,0.0321214748546481,5,0.1213124753842159,0.1645342397810147,2.0031736495736725,-1.2464972165303123,0.5644696572592398,-0.5625923705730483,0.3428910663217278,-0.015468493807236916,-1.682251577319215
85d4e2cbbb7467a2c84cf0eb,AD2,vial,evaluation,42.351112365722656,0.0004127919673919,0.0023467540740966,-0.0005374401807785,-0.0005374401807785,1,0,0.0061285899719223,0.0282168057747185,3,0.7482650046688658,0.4911185977705071,-1.204557016100657,-1.2638093022725183,-1.575404054358223,-0.2577721488018262,-0.4135695248446786,0.5470575739747274,-1.1657876185676002
86478bd06aa3e7efccc76002,AD2,vial,evaluation,39.84787368774414,0.0023981928825378,-0.001471996307373,0.0023181587457656,0.0023181587457656,2,0,0.0061285899719223,0.028889653738588,5,-0.139722883063163,1.353044092774944,-3.2671938972322048,-0.4000709884757633,-0.6553881733735775,-0.2698969357694631,-0.3975555282183702,-0.16575769360442302,-1.7434679741333627
88060e63e76ca949dc970610,AD2,vial,evaluation,43.40036010742188,0.0003606081008911,-0.0021561086177825,-0.0048649460077285,0.0023324787616729,3,0,0.0061285899719223,0.0340215810574591,7,1.1204705374674797,0.468463926554296,-3.6367062092005407,-2.572758031441207,-0.6507745555688527,-0.7261437469868637,0.2348479909493134,0.7511476805766111,-1.0972036483897005
8843c6650bc667eb577d416a,AD2,vial,evaluation,41.1832275390625,0.0010893940925598,0.0073536336421966,0.0081312656402587,0.0081312656402587,3,0,0.0060993134975433,0.0324043110013008,7,0.3339746737213909,0.7848530355898338,1.499828823481845,1.3582302562463449,1.217476608540056,0.8461024649838679,0.7757256411307234,0.43640023197388633,-1.028582432957145
9179b2c64d09fd17c791545d,AD2,vial,evaluation,43.327735900878906,0.0034759044647216,0.0015736371278762,-0.0022864639759063,-0.0022864639759063,1,0,0.0060993134975433,0.0285028228536248,3,1.0947081455974468,1.820912865202486,-1.6221437571560515,-1.7928397797501014,-2.1389039397167817,-0.3490658170763273,-0.5220978970596675,0.805953353062692,-0.9756087096849311
93cdfad114c923566adb97f6,AD2,vial,evaluation,55.93749237060547,-0.000322937965393,-0.0023639053106307,0.0003416985273361,0.0036875307559967,3,0,0.0060993134975433,0.0326394443400204,7,5.567837740019557,0.1717149037016299,-3.748944266059579,-0.9978945835485784,-0.2142043696266511,2.2849715782354894,2.676816685196453,4.911264507662744,2.877556700643086
948092a137c45739988d1670,AD2,vial,evaluation,52.94448471069336,-0.003168761730194,0.0057329386472702,0.0072481334209442,0.0072481334209442,1,0,0.0060993134975433,0.0286758351139724,3,4.5061113560067465,-1.0637474346398892,0.6244363689705816,1.091107612768718,0.932949373561054,2.7986094843877325,2.7195303647839,4.164610981682944,2.380449586152449
9533c585cf5471187287b03c,AD2,vial,evaluation,36.53750991821289,0.001516044139862,0.0048426389694213,0.005087524652481,0.0062888413667678,3,0,0.0060883788391947,0.0332486922852695,7,-1.314026778728649,0.9700753503421344,0.1435552514978706,0.4375842635688062,0.6238849891544264,-0.4382212575799213,-0.3450708947871113,-1.1388656744989034,-2.563236244376572
9a32f77392d1387bad6687be,AD2,vial,evaluation,41.817413330078125,0.0010065138339996,0.0039209425449371,-0.0007054060697555,-0.0001622289419174,2,0,0.0060883788391947,0.0299053569324314,5,0.5589429541925127,0.7488720871876161,-0.354284316014424,-1.3146142568380332,-1.4545186263426446,-0.3778356513227602,-0.4477878360750659,0.37158723308945807,-1.33201520039586
9bcc01c1dcfaed96bff123d6,AD2,vial,evaluation,49.59958267211914,-0.0014543235301971,0.0053943693637847,-0.0048905611038208,-0.0048905611038208,1,0,0.0060883788391947,0.0274789868853986,3,3.3195555065650617,-0.3194554466016384,0.441563590921517,-2.5805058771560865,-2.9778910576336384,0.3695248147044876,0.1708322244657116,2.7295493681929472,0.7240436884379576
9e5b7d970e9952201221d79b,AD2,vial,evaluation,52.32992935180664,-0.0030266046524047,0.0040977895259857,0.0076529830694198,0.0076529830694198,1,0,0.0060883788391947,0.0294537893496453,3,4.28810668875987,-1.0020325393221696,-0.2587632504853409,1.2135632382646793,1.063383694202645,2.750834963512274,2.6757451914812576,3.9806523437103514,2.222205117397338
9ed1281a703f8052c992344a,AD2,vial,evaluation,44.40947341918945,-0.0010862350463867,-0.0069845467805862,-0.0025009363889694,0.0034374445676803,3,0,0.0060824061511084,0.0312370578758418,7,1.4784389589694962,-0.1596565635682725,-6.244709780522952,-1.857711649077768,-0.2947770518500606,-0.1896363450541358,0.5918309535597177,1.1448238981647696,-0.6694511955118867
a2052d7fb230e36852810e0d,AD2,vial,evaluation,36.969852447509766,-0.0026640892028808,-0.0002659559249877,0.0008950531482696,0.0017471760511398,3,0,0.0060824061511084,0.0315992748364806,7,-1.1606594898862266,-0.8446530871953893,-2.6157704931487977,-0.830520383070367,-0.8393471817413667,-0.9955899364782969,-1.0000033358137967,-1.1276455792046407,-2.668545835433414
a3250ee90882d4f7565a946b,AD2,vial,evaluation,50.55944442749024,-0.0012243092060089,0.0016457289457321,0.0093332380056381,0.0093332380056381,1,0,0.0060824061511084,0.0280439350754022,3,3.6600526473950543,-0.2195989346389213,-1.5832045159166088,1.7217930711964986,1.6047276522263387,2.6909228592957763,2.6323901498106963,3.466226689775199,1.7948062172928787
a3e900328d2e89f54a67f440,AD2,vial,evaluation,46.67728805541992,-0.0025995373725891,0.0056376457214355,0.0041807889938354,0.0041807889938354,1,0,0.0060824061511084,0.0280066481791436,3,2.282913556741494,-0.8166290907052047,0.5729654207014135,0.1633222439350603,-0.0552866000408022,1.223117900338277,1.113813478350346,2.070954425460851,0.367747293750343
a6531679f751fd403a39f243,AD2,vial,evaluation,50.58986282348633,-0.0036269128322601,0.001977115869522,0.003271922469139,0.003271922469139,3,0,0.0061213360168039,0.0336613818071782,7,3.670843135512064,-1.2626453561743345,-1.4042111744689107,-0.1115843027127797,-0.3481049046855271,1.7796294163996422,1.6613691154132686,3.292600391689579,1.4677185065110745
a815daf80e340ecbe79b37f1,AD2,vial,evaluation,49.43876266479492,0.0041851997375488,0.0013042986392974,0.0037181228399276,0.0037181228399276,3,0,0.0061213360168039,0.0322990440763533,7,3.26250692391684,2.1288404351315693,-1.7676226297072968,0.0233787526021403,-0.2043482225370569,1.6429428382594902,1.5290793506898916,2.93859410678537,1.15401398892767
ab16ea141ffd570cc9aef9db,AD2,vial,evaluation,56.28807830810547,-0.0003229677677154,-0.0004424601793289,0.0008227080106735,0.0041112154722213,3,0,0.0061213360168039,0.031763982027769,7,5.6922030547807445,0.1717019655684396,-2.711106440333832,-0.8524027512761491,-0.0777017733293143,2.4199001517522976,2.807250640725715,5.037742474175055,3.0073009131724886
ad59bb863db2154b428ebc47,AD2,vial,evaluation,43.22076797485352,0.0006983280181884,-0.0061737298965454,0.0014335662126541,0.0014335662126541,3,0,0.0061213360168039,0.03384541394189,7,1.0567628136073433,0.6150788518667485,-5.8067600216222095,-0.6676353357812307,-0.9403858917499394,0.1945637389130562,0.0581884609287019,0.884322998668486,-0.8008254600121463
adbc7959bdf6493a6609e536,AD2,vial,evaluation,40.79721450805664,-0.0014784336090087,0.0022080093622207,-0.004189521074295,-0.004189521074295,1,0,0.0061112337280064,0.0277762436307966,3,0.1970421075001233,-0.3299223963525891,-1.279497750945727,-2.368460996701046,-2.7520302217948416,-1.0857094446004614,-1.2774940571473592,-0.05950820291999365,-1.8251241026538443
ae12ab1102e60bd2ca7d480c,AD2,vial,evaluation,43.56460189819336,-0.0005025267601013,-0.0069467425346374,-0.0050234347581863,0.0105654001235961,3,0,0.0061112337280064,0.0321336272172629,7,1.178732948538194,0.0937497130968965,-6.224290422312024,-2.620696418307674,2.001705220025392,-0.7209817348847399,1.590219084281793,0.7987900118536072,-1.0577004226975215
af92f760794c2fe1f8e29066,AD2,vial,evaluation,57.17332458496094,-0.0004122555255889,0.0012464225292205,0.0008432269096374,0.0051342695951461,2,0,0.0061112337280064,0.029498288873583,5,6.006231428672097,0.1329393185303079,-1.7988834839805492,-0.8461963617767955,0.2519054524783722,2.5800175334476507,3.1290684405752343,5.320988649627208,3.2687145631370145
b0f74afa216fab8cb3eb3ea9,AD2,vial,evaluation,54.67435836791992,-0.0066848695278167,0.0055693686008453,0.0055362433195114,0.0055362433195114,2,0,0.0061112337280064,0.0293740527704358,5,5.119759134957004,-2.590201326564392,0.5360866271174686,0.5733090326276558,0.3814132088782229,2.8465340837923296,2.7505861719176137,4.665114124724069,2.794154333976607
b7021f99753ea53f37c799b8,AD2,vial,evaluation,40.00896072387695,-0.0015024840831756,0.0043876767158508,0.0037038028240203,0.0037038028240203,1,0,0.006091148010455,0.0310891619883477,3,-0.0825795757888829,-0.3403634698371593,-0.1021853259148332,0.0190473507801513,-0.2089618403417817,-0.0317661125043657,-0.1457707080653323,-0.07241688313197948,-1.6192876456258385
bc4dc1223c28bd9f8676ffbb,AD2,vial,evaluation,53.02892303466797,-0.0036470293998718,0.0085693150758743,0.0080726891756057,0.0080726891756057,1,0,0.006091148010455,0.0285602719523012,3,4.536064635975397,-1.2713785960777853,2.1564596870695767,1.3405125241316322,1.1986044632847248,2.9382885800535146,2.867334549630061,4.216509424791021,2.4509880238462305
be9a6878846f34241fabaac9,AD2,vial,evaluation,52.0428352355957,0.00392946600914,0.0053970217704772,0.0049554407596588,0.0049554407596588,1,0,0.006091148010455,0.0287486021406948,3,4.186264183657514,2.0178183142256256,0.4429962459319801,0.3976326030588059,0.1942904397057369,2.29194839335816,2.190277311681625,3.807401025597643,1.9882468811982998
bf91ce7a78453e37f4a6dd93,AD2,vial,evaluation,41.56449508666992,0.0001704692840576,-0.0009073019027709,0.0060405433177948,0.0078041851520538,3,0,0.006091148010455,0.0315245492383837,7,0.4692238480167039,0.3859186368001972,-2.9621832552293283,0.7258455902359526,1.112097929233386,0.5975347191263283,0.790660888625045,0.4948860222386288,-1.0323907083303658
c44b109c3804771d799d928d,AD2,vial,evaluation,51.58028411865234,0.0046200454235076,0.0047335922718048,0.0042619258165359,0.0042619258165359,1,0,0.0060616538394242,0.0287381969392299,3,4.022180833189984,2.3176207365112016,0.0846554235957951,0.18786384947172,-0.0291459663813572,2.105022341330852,1.9965174334043132,3.6387491348181578,1.8138021554004606
c57c21ac2a596017b12adf4f,AD2,vial,evaluation,56.98939514160156,-0.0001294910907745,-0.0004066526889801,0.0019856393337249,0.0037573873996734,2,0,0.0060616538394242,0.0294317351654171,5,5.940985106242981,0.2556963262398517,-2.69176559769258,-0.5006487529478593,-0.191697980169263,2.7201681766475607,2.874643563036859,5.296821720323897,3.2779702693896935
c60d252433b69df4ca729844,AD2,vial,evaluation,43.36082077026367,-0.0012761354446411,0.0012275576591491,-0.0004462599754333,-0.0004462599754333,1,0,0.0060616538394242,0.0280734999105334,3,1.1064445267660987,-0.2420983482568489,-1.809073041526877,-1.2362298561239744,-1.5460276471291792,-0.0648926646789378,-0.2197915601815402,0.8721770884770914,-0.8638628083883044
c701bf3595d4755983d1798e,AD2,vial,evaluation,39.4431037902832,-0.0021068453788757,0.0033571869134902,0.0037837922573089,0.0037837922573089,1,0,0.0060616538394242,0.028473958838731,3,-0.2833091776605705,-0.6027358728032046,-0.6587878947270804,0.043241903309222,-0.1831908722088339,-0.1200336371756742,-0.2332500249347022,-0.25065406956359126,-1.7812238373389864
c88e7509e672d728ab549050,AD2,vial,evaluation,43.65325927734375,-0.0003684014081954,-0.0055203884840011,-0.0010394304990768,-0.0010394304990768,3,0,0.0061430393252521,0.0340482820756733,7,1.2101828775985697,0.1519777815198309,-5.453868117499977,-1.4156472466837202,-1.7371351226262457,-0.1027321845425752,-0.2634761225138379,0.9475998651703408,-0.8107659370260945
d02cc10c6d262a13a5babc6f,AD2,vial,evaluation,56.93172454833984,-0.0032152533531188,0.0082438737154006,0.0069940388202667,0.0069940388202667,3,0,0.0061430393252521,0.0312380692921578,7,5.920527293432226,-1.0839309224167537,1.9806777464599392,1.0142511467244348,0.8510852624204012,3.4673892200783305,3.3858062779263136,5.429899678761448,3.5386731610463276
d1b8686ad4601d41cd464122,AD2,vial,evaluation,51.39249038696289,-0.0010440945625305,0.0018204748630523,0.0063689798116683,0.0063689798116683,1,0,0.0061430393252521,0.0272380588576197,3,3.955563710100907,-0.1413620432371917,-1.4888183063227802,0.8251883868628613,0.6497039657973088,2.390376048481884,2.302633837949108,3.6425261777771025,1.875400133786893
d283397b0a78058c7a339df8,AD2,vial,evaluation,51.18056106567383,-0.0013887584209442,0.0026905536651611,0.0074030011892318,0.0074030011892318,1,0,0.0061430393252521,0.0279841879382729,3,3.8803848340250826,-0.2909915535829836,-1.0188591711489372,1.137950754429417,0.9828446179361894,2.50916779422725,2.431614725980636,3.6061414260655162,1.87041438846749
d346c04047927ce3be5464f4,AD2,vial,evaluation,50.63276290893555,-0.0015491545200347,0.0071610063314437,0.0103816837072372,0.0103816837072372,1,0,0.0060726237716153,0.0283436579629778,3,3.686061323292839,-0.3606245864131653,1.3957842655028718,2.03891839085846,1.9425155281268984,2.8624898570756496,2.8142884257098686,3.5213470300494016,1.874487407005584
d3af413ccd8f1e1f5531c9c7,AD2,vial,evaluation,43.69480514526367,-0.0012818872928619,-0.0047572255134582,0.0034228414297103,0.0034228414297103,2,0,0.0060726237716153,0.0325370850041508,5,1.2249206762043334,-0.2445954079625763,-5.041657857045646,-0.0659355642600175,-0.2994818858236613,0.5794925559721579,0.462719395190336,1.0958350521578983,-0.5511684479178234
d3bc41e4507aa9f687b46656,AD2,vial,evaluation,51.07783508300781,-0.0010837614536285,0.0036010593175888,-0.0022739768028259,-0.0022739768028259,1,0,0.0060726237716153,0.0275794547051191,3,3.843944270380366,-0.1585826985134778,-0.5270641200010123,-1.7890627613038717,-2.134880826584254,1.0274407545382471,0.8545317218980562,3.2806435672119427,1.3037327001908743
d8ed75ee3b974c38f1c0ec93,AD2,vial,evaluation,49.02181625366211,0.0044771134853363,0.0013600885868072,0.0036989748477935,0.0036989748477935,1,0,0.0060726237716153,0.0284014423377811,3,3.114601186371164,2.2555694497305345,-1.7374885827456443,0.0175870238391269,-0.210517316063666,1.5660941051051451,1.4520419351537486,2.80489977011796,1.0303637504049499
e293294ad3c63518fc23cea3,AD2,vial,evaluation,40.97491836547852,-0.000737726688385,0.0016957968473434,-0.0034759789705276,-0.0034759789705276,1,0,0.0060721235349774,0.0278433179482817,3,0.2600799929331315,-0.0083580340409322,-1.5561611404382032,-2.152634590617859,-2.5221414719725237,-0.9462772988423638,-1.131030739519696,0.018808534578032443,-1.733318601956864
e57c9d7d25e1bc8373a8dbec,AD2,vial,evaluation,53.98774719238281,-0.00521981716156,0.0058602541685104,0.0083385854959487,0.0083385854959487,2,0,0.0060721235349774,0.0293974629603326,5,4.876193703972706,-1.9541756370625516,0.6932038094728135,1.4209386782539752,1.2842708484122063,3.1485661911133405,3.080232276192456,4.530668201400832,2.747638104414995
e6b7edf7d0731e35c3fa6f9e,AD2,vial,evaluation,41.513790130615234,-0.0016213059425354,0.0028758645057678,0.005299374461174,0.005299374461174,1,0,0.0060721235349774,0.0284621939063072,3,0.4512369947371328,-0.3919478068668759,-0.9187664873842188,0.5016628688791261,0.3050988814860215,0.4764499318081294,0.3781679381115771,0.4562795821513322,-1.088388156034982
e9ce570ff402a4f8d79a72c4,AD2,vial,evaluation,42.407413482666016,-0.0036736130714416,0.0081589967012405,0.0029029250144958,0.0029029250144958,1,0,0.0060721235349774,0.0279604131355881,3,0.768237015468835,-1.282919410883531,1.9348327861251184,-0.22319564851706,-0.4669883778368284,0.2725206834758875,0.1506243188160033,0.6690937490702455,-0.9585049942205703
ea20ba2cd8290cb43b8f3364,AD2,vial,evaluation,44.53901290893555,-0.0014396905899047,-0.0074318945407867,-0.0050410628318786,0.0007265955209732,3,0,0.0060800977516919,0.032098445110023,7,1.5243912282794327,-0.3131028232052022,-6.486337511248314,-2.62602841451518,-1.1681574662841372,-0.5508185931178735,0.1781168809976477,1.1093492639999716,-0.7721857775376884
ec21eb5e1f6bfd2d691c4289,AD2,vial,evaluation,37.66962432861328,-4.142522811889648e-06,0.0039456933736801,0.0033763796091079,0.0038084536790847,2,0,0.0060800977516919,0.0312825730070471,5,-0.912425488046186,0.3101141144382435,-0.3409155521246527,-0.0799889574764188,-0.1752454638146408,-0.4962072227613024,-0.5438354759304135,-0.8291818349892093,-2.3252406639309853
f299dd2174f70164c5878b71,AD2,vial,evaluation,41.49319839477539,-0.0009772479534149,0.0015308111906051,-0.0010981559753417,-0.0010981559753417,1,0,0.0060800977516919,0.0274571012705564,3,0.4439323728590764,-0.1123418104913541,-1.6452755015384737,-1.4334100506176002,-1.7560552763915112,-0.4947388388792618,-0.6560614517662173,0.2561981305114087,-1.4491129376175271
f45314a2de1f818f40ca3137,AD2,vial,evaluation,47.70852279663086,-0.0026263296604156,0.0040279924869537,0.0074196606874465,0.0074196606874465,1,0,0.0060800977516919,0.0275433850474655,3,2.648729236907988,-0.8282604724432823,-0.2964630036820231,1.1429897838123344,0.988211969346889,1.895859510360161,1.8184706031274385,2.498155291598423,0.8505049674163799
f459eff606a2ef1da4de747a,AD2,vial,evaluation,51.30928421020508,-0.0017626285552978,0.0058018118143081,-0.003154307603836,-0.003154307603836,1,0,0.0060729194665327,0.0273054610006511,3,3.926047516621069,-0.4533004344552672,0.6616371075006982,-2.055338054581151,-2.418505501576483,0.935354731019959,0.753771007522293,3.327908959500847,1.3229779697151662
f4af84d8072f034fcbd1fb90,AD2,vial,evaluation,41.82604598999024,0.0019090175628662,0.0051923692226409,0.0012584328651428,0.0048353523015975,3,0,0.0060729194665327,0.033050678204745,7,0.5620052660320906,1.140677574589399,0.3324564486639966,-0.7206082448486986,0.155600381549361,-0.079301489408304,0.3588028237907258,0.43374391494401165,-1.2206044725616252
f4f56aed4474a41977befbad,AD2,vial,evaluation,41.24079895019531,-0.0011148750782012,-0.0037724077701568,-0.0035794079303741,0.0012762993574142,2,0,0.0060729194665327,0.0297753503546118,5,0.35439730309961,-0.1720901095641485,-4.50972431973379,-2.1839189403019645,-0.9910540731350234,-0.9147608186011772,-0.3183283850177066,0.10056567875945252,-1.6608795565684824
f5ea49f36698789f5bc95be7,AD2,vial,evaluation,52.34535598754883,-0.0014489889144897,0.0027067214250564,-0.0047114342451095,-0.0047114342451095,1,0,0.0060729194665327,0.0280637508258223,3,4.293579065728166,-0.3171395207605751,-1.0101264144840354,-2.526325043334932,-2.9201800278411336,0.8836270111966174,0.6866995189435163,3.6115886548218565,1.5412741025114496
f735c15b743190347d1a9afc,AD2,vial,evaluation,44.75942993164063,-0.0049928128719329,-0.0074767917394638,-0.0065802335739135,0.005628764629364,3,0,0.0061043942114338,0.0324901402927935,7,1.602580994254975,-1.8556258765520544,-6.510588014318682,-3.091584249059286,0.4112216926966791,-0.7445016274021558,1.006901343475827,1.1331644699235488,-0.7927093187149539
f974fb1cee8ee3383fb1f2aa,AD2,vial,evaluation,53.80361175537109,-0.0056736171245574,0.0050183832645416,0.007310539484024,0.007310539484024,2,0,0.0061043942114338,0.0294642630033195,5,4.8108743082606304,-2.151184591151213,0.2384807188765365,1.1099836906360332,0.9530553375217072,2.960428999448332,2.881964822891169,4.44078524649817,2.636505945612602
f9a5ba3c85652e0775e2f12c,AD2,vial,evaluation,43.15138626098633,-0.0001211464405059,0.0052172988653182,0.0031346082687377,0.0031346082687377,2,0,0.0061043942114338,0.031115872785449,5,1.0321506493394497,0.2593190035331351,0.3459217960376194,-0.1531179840755565,-0.3923447465903545,0.4395163326319465,0.3199029513745476,0.913623785997949,-0.7269212716989473
fd82742651178b97761094be,AD2,vial,evaluation,39.86512756347656,-0.0015390217304229,0.0049298107624053,0.0035378038883209,0.0035378038883209,1,0,0.0061043942114338,0.0301760449074208,3,-0.1336023190108383,-0.3562256211284642,0.190639699875452,-0.0311626557723536,-0.2624433204090391,-0.082382487391596,-0.1980228197099387,-0.12335835268698983,-1.670779579424619
ff4da645d59de511e240236e,AD2,vial,evaluation,47.56771469116211,-0.0025695264339447,0.004655510187149,0.005589559674263,0.005589559674263,1,0,0.0090223192237317,0.02780073415488,3,2.598779588378381,-0.803600390582575,0.042480635647329,0.5894357295257584,0.3985906537328592,1.5941076589520695,1.4986851210556202,2.397845202493119,0.7076468631045054
02bcad3dd128a3b150e8ad7d,AD2,wallplugs,evaluation,48.583892822265625,-0.0031256973743438,0.0009447783231735,0.0050504654645919,0.0050504654645919,3,0,0.0060974053340032,0.0451990896835923,7,0.4910735902771205,-0.0305790379739093,-0.1604946730862874,0.8685636286547285,0.2853236083847245,0.6798186094659244,0.3881985993309225,0.5288225941148813,-0.9881228645667646
03399c886db9191086e8730a,AD2,wallplugs,evaluation,49.2418098449707,-0.0029762387275695,-0.0016139447689056,0.0034169852733612,0.0034169852733612,3,0,0.0060974053340032,0.0457279970869421,7,0.894375294251829,0.1025406455670243,-0.8210181685124474,0.2464487650065681,-0.6293022147793508,0.5704120296291986,0.1325365397362391,0.829582641327303,-0.7678788809314385
03d48228fbef01c37385ce9a,AD2,wallplugs,evaluation,52.06403732299805,-0.0015516877174377,-0.0053671598434448,-0.0079336315393447,0.0028539896011352,3,0,0.0060974053340032,0.0478157280012965,7,2.6243946000494427,1.3713583670538898,-1.7898946943839225,-4.076460976212013,-0.9445373690908888,-0.7260331880812854,0.839928615479277,1.9543090424232974,-0.1263130998413391
0434df538ddbd704668f4d47,AD2,wallplugs,evaluation,53.545631408691406,-0.0011360645294189,-0.00065878033638,0.0011860132217407,0.0011860132217407,3,0,0.0060950247570872,0.0463077030144631,7,3.5326085521709314,1.7415452278040118,-0.574446528294078,-0.603222312211075,-1.878478458313701,1.4646931199799282,0.8270650469286152,3.1190254657327308,1.2630355105154636
08e4427ae0cc067c04f3eda6,AD2,wallplugs,evaluation,50.6075439453125,-0.001736044883728,-0.000961422920227,0.0026472210884094,0.0026472210884094,3,0,0.0060950247570872,0.0458977413363754,7,1.7315673273436958,1.2071553037669076,-0.6525724255301948,-0.0467177781406086,-1.0603121560589397,0.8424247746015436,0.3356275856423781,1.5537388167952655,-0.1277222097873565
08e5487b5c3a536f82fbf245,AD2,wallplugs,evaluation,46.638668060302734,-0.0048287212848663,9.743869304656982e-05,0.0003772974014282,0.0034244209527969,3,0,0.0060950247570872,0.0462969951331615,7,-0.701344958019206,-1.54742673413804,-0.3792317986615972,-0.9112236794665548,-0.625138794579217,-0.8062843187428804,-0.6632418762992115,-0.722332830163941,-2.3026439428933045
0919808343b52a018f89cfe9,AD2,wallplugs,evaluation,49.91945266723633,-0.0030469298362731,0.0045801997184753,0.0046328604221343,0.0046328604221343,3,0,0.0060950247570872,0.0469008986838161,7,1.309768870454319,0.0395775569610233,0.7779739149392251,0.7095177427958174,0.051496251453359,1.009643306625068,0.680632560953839,1.249743757688469,-0.3387145056390035
0f80521209bfc8144abf5baf,AD2,wallplugs,evaluation,49.06254959106445,-0.00104820728302,-0.004006803035736,0.0023267567157745,0.0023267567157745,3,0,0.0061165797524154,0.0454781157895922,7,0.7844891484912604,1.8197978353969675,-1.4387243639811866,-0.1687674060186368,-1.239748057509999,0.3078608712363118,-0.2276294545093693,0.6891634930402707,-0.9350588414465322
0f9643ce1b6276d250034f74,AD2,wallplugs,evaluation,53.121192932128906,0.0005309581756591,-0.0023780465126037,0.0004663169384002,0.0012290179729461,3,0,0.0061165797524154,0.048580352216959,7,3.272428689175019,3.2263274049816126,-1.0182677873442345,-0.8773203744845339,-1.8543990380780573,1.1975541573452424,0.7090148255484808,2.8574537828090634,0.9971525015796662
11b148d42c005d72e801a1ae,AD2,wallplugs,evaluation,48.80340194702149,-0.0012876987457275,0.000284194946289,-0.0037260055541992,0.0041263401508331,3,0,0.0061165797524154,0.0467620231211185,7,0.6256322063287973,1.606487810085912,-0.3310214653252972,-2.473976489357603,-0.2321169338030539,-0.9241721415144027,0.1967576362628717,0.31567133676015735,-1.489235251029155
155ecce1b13d895380e675a1,AD2,wallplugs,evaluation,50.31501770019531,-0.0040363669395446,0.0023621022701263,0.0007257908582687,0.0007257908582687,2,0,0.0061165797524154,0.0461761648766696,5,1.5522493753198738,-0.8416933290926155,0.2053814822861026,-0.7784991073851149,-2.136168303766876,0.3868751339673795,-0.2919594642235009,1.3191745270493749,-0.41047107999384425
15f3976084c53cd368326bd4,AD2,wallplugs,evaluation,55.69246673583984,0.0003034770488739,0.0018341541290283,0.0043362975120544,0.0043362975120544,3,0,0.0061551067046821,0.0460137380287051,7,4.848613938430992,3.023714734100666,0.0690939126615031,0.5965710444777425,-0.1145566319595949,2.722592491454367,2.3670286532356983,4.423409649035667,2.573684670048322
164349df6d5ea78c9fdf2e54,AD2,wallplugs,evaluation,49.63274383544922,-0.0021791756153106,-2.995133399963379e-05,-0.001422643661499,0.0009140223264694,3,0,0.0061551067046821,0.0461588208563625,7,1.1340169801491908,0.8124680506123427,-0.4121169929241063,-1.5967355668767096,-2.0307728649530663,-0.2313592933637593,-0.4483779424019377,0.8609417254466007,-0.9070853449943499
1690ff4c6645f30402182ce7,AD2,wallplugs,evaluation,49.54262161254883,-0.0005819797515869,0.0025650262832641,0.0007550418376922,0.0007550418376922,3,0,0.0061551067046821,0.0476779299788177,7,1.078772253523522,2.235056923994049,0.2577654541502797,-0.7673588014460947,-2.119789959372361,0.1557067260387136,-0.5205088529244197,0.8941591480265603,-0.8008612268705564
16a72d802325275c3b412b70,AD2,wallplugs,evaluation,53.0449447631836,-0.0008356869220733,0.0026742219924926,0.0078887045383453,0.0078887045383453,3,0,0.0061551067046821,0.0468055391684174,7,3.2256887274482944,2.009085265771922,0.2859538625671317,1.9495138133267231,1.8745236262999467,2.5876012703875086,2.5501061768741207,3.0980712360361373,1.4765302803657159
1b95a1fedabadf4e0fecaecd,AD2,wallplugs,evaluation,48.80893325805664,-0.0052812993526458,-0.0003323554992675,0.0008243918418884,0.0048266053199768,3,0,0.0061211747815832,0.0472907829098403,7,0.6290228879629653,-1.950528531596189,-0.4901813434169548,-0.7409466853787486,0.1599787954255843,-0.0559618987078916,0.3945008416942748,0.4920259306287939,-1.1687860007453126
1c6721952fb6f84c4e22cda2,AD2,wallplugs,evaluation,50.32060241699219,-0.0017149150371551,0.0053311735391616,0.0059762597084045,0.0059762597084045,3,0,0.0061211747815832,0.0491048553958535,7,1.55567279456982,1.2259752151588363,0.9718346162198048,1.2211545953818752,0.8036986256474828,1.3884136949758477,1.1796857101086515,1.5222209746510256,-0.04112644461203807
1cf300de9a1428fdacd0c48b,AD2,wallplugs,evaluation,46.40010452270508,-0.0054236054420471,0.0007137954235076,0.0016957223415374,0.003307431936264,3,0,0.0061211747815832,0.046350983902812,7,-0.8475838877003101,-2.077277582225892,-0.220121927298845,-0.4090983667448872,-0.69064382862982,-0.6283411272225987,-0.7691138581650651,-0.8037353356047678,-2.3318189350040073
1d8b5ff2ba491b4b8dc3228b,AD2,wallplugs,evaluation,49.94195938110352,-0.0012687742710113,-0.0019315481185913,-0.0016766190528869,0.0011497735977172,3,0,0.0061211747815832,0.0445638103410601,7,1.3235654371036922,1.6233434429968776,-0.903006123888646,-1.69346270616589,-1.898769917084694,-0.1849486345310989,-0.2876022399905009,1.0218626227767342,-0.7677105802677437
21a2d212d125624322eee522,AD2,wallplugs,evaluation,50.6666374206543,-0.0020226240158081,0.0031016021966934,0.0022481679916381,0.0022481679916381,3,0,0.0063127225730568,0.0490055535919964,7,1.7677914992022454,0.951905278456914,0.3962802465468985,-0.1986981108186331,-1.2837518213086083,0.7845466941918061,0.2420198389468185,1.5711425382001576,-0.12555429909755556
226de3b837b95db1b7db9ed6,AD2,wallplugs,evaluation,46.44591522216797,-0.0048033893108367,0.0015890002250671,0.0045596063137054,0.0049506276845932,3,0,0.0063127225730568,0.0472825220786035,7,-0.8195020285660177,-1.5248640759107632,0.0058084738959397,0.6816187392317707,0.2294219744350314,-0.0689416446671234,-0.2950400270654931,-0.669389951786239,-2.1086313976356643
231217a8b41349fc8bbd85ea,AD2,wallplugs,evaluation,53.87179565429688,-0.0011076629161834,-0.0030888319015502,-0.0025630742311477,-5.170702934265137e-06,3,0,0.0063127225730568,0.047112023923546,7,3.732546525332749,1.7668419493223586,-1.201754015712662,-2.031071295063687,-2.545451699553181,0.850737615134531,0.593547412889784,3.1561847432931054,1.167046301164251
2486927e0f296a66cb1eb75b,AD2,wallplugs,evaluation,46.44160079956055,-0.0032823085784912,0.0014642179012298,0.003214418888092,0.0043621659278869,3,0,0.0063127225730568,0.0474965390749275,7,-0.8221467602406688,-0.1700693544260742,-0.0264035528620731,0.1693008694716515,-0.1000722682974057,-0.3264229453845086,-0.4611095142690373,-0.7230019972694368,-2.204723783848208
26a833a5222447f73ccbd065,AD2,wallplugs,evaluation,45.11442947387695,-0.0033963918685913,0.0029527992010116,0.0033435970544815,0.0053112357854843,3,0,0.006133479415439,0.0472626681439578,7,-1.6356998963395668,-0.2716809493602106,0.3578673854046108,0.2184986851544669,0.4313353388503407,-0.70860060559255,-0.602182278744613,-1.4502800381901635,-2.870003720525517
2a396d6ed22585758352b596,AD2,wallplugs,evaluation,45.62083053588867,-0.0027022063732147,0.0061366558074951,0.0059168636798858,0.0059168636798858,3,0,0.006133479415439,0.0443394179455935,7,-1.3252771467286653,0.3466155189785667,1.1797664416800848,1.198533474916804,0.7704413252111431,-0.0633718359059306,-0.2774179107587611,-1.0728960845641184,-2.4330900531467554
2bad748e1d83dc2cbf285396,AD2,wallplugs,evaluation,48.22848510742188,-0.002541035413742,3.901124000549317e-05,8.26418399810791e-05,8.26418399810791e-05,3,0,0.006133479415439,0.045961732044816,7,0.2732094340756254,0.4901671139116414,-0.3943145974337692,-1.0234439594656308,-2.4962832922598164,-0.3751172626950027,-1.1115369290920956,0.14354409472149982,-1.515472442856621
2c34e648e1ed9a0fee1664bc,AD2,wallplugs,evaluation,52.85585021972656,-0.002178281545639,0.0013293176889419,2.714991569519043e-05,2.714991569519043e-05,1,0,0.006133479415439,0.0463925679214298,3,3.109774183582288,0.8132643797262465,-0.0612274695375317,-1.0445781924340014,-2.5273545885029,1.0325979955741431,0.2912097975396941,2.694338945980659,0.831683676325996
2c53d3a27c637e4fa5bacdc9,AD2,wallplugs,evaluation,48.49654006958008,-2.6553869247436523e-05,-0.0004821270704269,0.0012218654155731,0.0018190443515777,3,0,0.0061919601866975,0.0459909630008041,7,0.4375265428696626,2.729763113854943,-0.5288442382037697,-0.5895679178711449,-1.5240287249628264,-0.0760206875007411,-0.5432510910465819,0.33481709679558186,-1.2997583913242563
2d85d8c4dac1cafe8e4dd2ad,AD2,wallplugs,evaluation,50.83877944946289,0.0004381835460662,-1.0073184967041016e-05,-0.0005874335765838,0.003794327378273,3,0,0.0061919601866975,0.0467290822416543,7,1.8733141884598088,3.1436949872621853,-0.4069855332041172,-1.2786437951588874,-0.4180190690318765,0.2973351966504607,0.7276475597139661,1.5581183900979392,-0.23603214661632443
2e161d8d2e8b67072eb6b33b,AD2,wallplugs,evaluation,47.924591064453125,-8.505582809448242e-05,-0.0008470714092254,0.0028643906116485,0.0059289038181304,3,0,0.0061919601866975,0.0463578007183969,7,0.0869230466933064,2.677656645501832,-0.6230530687901672,0.0359917576491423,0.7771828953949269,0.0614574021712243,0.4320529710441166,0.08182991778888998,-1.4756931404759932
309df5443925303d5ddc1b22,AD2,wallplugs,evaluation,57.94625473022461,-0.0023846328258514,0.0022134482860565,0.001962125301361,0.001962125301361,1,0,0.0061919601866975,0.0432760380208492,3,6.230181077089101,0.6294716202372287,0.1670070878583576,-0.3076381580959804,-1.4439141743382065,2.9612714594965603,2.3931334513754474,5.576399153570593,3.55304055266161
341845c4912f32e5dd279d35,AD2,wallplugs,evaluation,50.255619049072266,-0.0012480616569519,-0.0068639069795608,-0.0044493377208709,0.0043201148509979,3,0,0.0061046405462548,0.0458732577972114,7,1.515838131371163,1.6417917341356512,-2.176273608607544,-2.7494592865516534,-0.1236177027759183,-0.6168105775902452,0.6961102142976224,1.0893083895788813,-0.8018979090994125
39141ac63534bee57b3d608e,AD2,wallplugs,evaluation,49.75335693359375,0.0006074607372283,-0.0021952688694,-0.0019563138484954,0.0025982111692428,3,0,0.0061046405462548,0.0497375139966607,7,1.2079525469830703,3.294466632827989,-0.9710845152862232,-1.7999851424753197,-1.0877540178590202,-0.2960162977461246,0.060099264562025,0.9071587780372312,-0.8830580025670907
3a7a7be5082a3447dd7667e2,AD2,wallplugs,evaluation,58.1442985534668,0.0014914870262145,-0.0055124908685684,0.0010828971862792,0.0029488205909729,2,0,0.0061046405462548,0.0455661839805543,5,6.351581509999079,4.081850316352359,-1.8274112810773664,-0.6424943025819462,-0.8914391603661355,2.8545436037085663,2.730071174816472,5.652173928740977,3.592286641553126
3c909b8000768e07ae9e509e,AD2,wallplugs,evaluation,56.90757751464844,0.0012911558151245,-0.0025889575481414,-0.0021192133426666,0.0018097758293151,3,0,0.0061046405462548,0.0460344087332487,7,5.593474203022772,3.9034195062302937,-1.072713575107897,-1.8620258070323084,-1.529218399039947,1.865724197995232,2.0321279019914127,4.847924202017264,2.7404223853988423
4144480df69643033414c23c,AD2,wallplugs,evaluation,53.80508041381836,0.0005072951316833,0.0014180839061737,0.0042646825313568,0.0056829452514648,3,0,0.0061545112403109,0.0473621939308941,7,3.691650228022428,3.205251227766956,-0.0383128476844767,0.5692963066565854,0.6394646312197577,2.130473267339507,2.165557429621093,3.379414835885844,1.6097594792335894
422711725ae2c4f2f810cb46,AD2,wallplugs,evaluation,50.18324279785156,-0.0027173161506652,-0.0045592486858367,-0.0005863308906555,0.0089650750160217,3,0,0.0061545112403109,0.0456490507349371,7,1.4714716467883562,0.333157556953591,-1.581335861476597,-1.2782238345682162,2.47720998849728,0.0966239061100699,1.9743408176428177,1.196502098652699,-0.5690142928008641
427f245677d6b4fb86dd9e54,AD2,wallplugs,evaluation,45.01758575439453,-0.0031206607818603,0.0023993402719497,0.0016249120235443,0.0044852197170257,3,0,0.0061545112403109,0.0475624096579849,7,-1.6950648857510315,-0.0260930506322508,0.2149943142503101,-0.4360666468377167,-0.0311714185725452,-1.065565766294374,-0.8631181521617884,-1.5691650618597,-3.03917942709083
4295b77826d9fd2a34c0ab50,AD2,wallplugs,evaluation,46.57292938232422,-0.0046221315860748,0.0015106797218322,0.0046017616987228,0.0055371224880218,3,0,0.0061545112403109,0.0464961091056466,7,-0.7416426246410115,-1.3634216202186478,-0.0144096312676756,0.697673719110267,0.557814871543385,-0.0219844527653722,-0.0919138765488132,-0.5977109902658837,-2.041156552263974
42a75a072b13dbff9c6a05f7,AD2,wallplugs,evaluation,52.22723388671875,-0.0020938515663146,0.0029036104679107,0.0044298768043518,0.0044298768043518,2,0,0.0061293717008084,0.0446921871043741,5,2.7244337386641617,0.8884643923825707,0.3451695229340829,0.6322109432536198,-0.0621592795410766,1.6783223409588908,1.3311372295615425,2.515211459123108,0.8196328510081937
447e6015b63bf9e7bf28b6dd,AD2,wallplugs,evaluation,51.28734588623047,-0.0018926858901977,0.0018691569566726,0.004605233669281,0.004605233669281,3,0,0.0061293717008084,0.0490783718414604,7,2.1482844385840747,1.067638443010946,0.0781297439075709,0.6989960274565695,0.0360273515514589,1.4236402330203222,1.0921558950677668,2.0033555974713244,0.3543438034948645
48de4975a5e86042986800eb,AD2,wallplugs,evaluation,52.51841735839844,0.0037892311811447,0.0003761649131774,-0.0016348958015441,-0.0016348958015441,1,0,0.0061293717008084,0.0433771288953721,3,2.9029285734912755,6.128402866933459,-0.3072798091095753,-1.6775723054377918,-3.457974953798552,0.6126781340267419,-0.2775231901536379,2.4448784855983687,0.5442253079172246
4c03cb7ad14cfd8f6acc98a4,AD2,wallplugs,evaluation,46.51200866699219,-0.004870980978012,0.007362961769104,0.0040656626224517,0.0040656626224517,3,0,0.0061293717008084,0.04603997990489,7,-0.7789868906394002,-1.5850665569218974,1.4963321156802551,0.4934990951835571,-0.266091777600539,-0.1427438977279215,-0.5225393341199696,-0.6517382920571044,-2.1095308117825198
4c8574d8113f77c6d357e8d4,AD2,wallplugs,evaluation,45.55706024169922,-0.0024995505809783,0.0053873360157012,0.0061834752559661,0.0061834752559661,3,0,0.006158651667647,0.0475676427595317,7,-1.3643681983689324,0.5271167847967819,0.9863327209309284,1.3000731355693511,0.9197237184391892,-0.0321475313997906,-0.2223222399648716,-1.097924064975104,-2.4468791551347304
4d8fc926a23a0d90c0c5fe86,AD2,wallplugs,evaluation,54.11816787719727,0.0002582669258117,0.0020074844360351,0.0025379359722137,0.0066144466400146,3,0,0.006158651667647,0.0494579952210187,7,3.883572162120848,2.9834470252409258,0.1138383950175104,-0.0883392777619914,1.1610352194978493,1.897616442179428,2.5223036908093484,3.486381018132564,1.6482951593364639
5137fe544c3f524894a8e71c,AD2,wallplugs,evaluation,49.34965896606445,-0.0049869716167449,-0.0003679692745208,0.0009767413139343,0.0040449202060699,3,0,0.006158651667647,0.047424441203475,7,0.9604865709147248,-1.6883769872990286,-0.4993748881926475,-0.6829240221487216,-0.2777059678181469,0.1387812743830015,0.3413903015482888,0.7961455116083801,-0.8834242818905045
5413cca17562a22f08f82ae2,AD2,wallplugs,evaluation,50.42293548583984,-0.0018397867679595,0.0024804770946502,0.0033851861953735,0.0071884095668792,3,0,0.006158651667647,0.049375360365957,7,1.6184027432030557,1.1147545822502596,0.2359394403187816,0.2343380095945104,1.4824112100163982,0.9263703763987832,1.550406976609727,1.4799962698422011,-0.1700029973870223
5755bba14660a0bd41310834,AD2,wallplugs,evaluation,48.56491470336914,-0.0014778673648834,0.0015449523925781,0.004527524113655,0.004527524113655,3,0,0.0061587315285578,0.0462975460104644,7,0.4794400446702336,1.4371086075585544,-0.0055622869228668,0.6694001561004866,-0.0074841441272947,0.5744201003853602,0.2359779502714694,0.4984360558132589,-1.0342688393744375
5a163e08e8f42b8225795ad6,AD2,wallplugs,evaluation,52.36627578735352,-0.0017834603786468,0.0023873448371887,0.0024497807025909,0.0024497807025909,2,0,0.0061587315285578,0.0447354116477072,5,2.809666121342638,1.1649233164262047,0.211897743729627,-0.1219134244432159,-1.170863894840049,1.3438763484497112,0.8194011132512946,2.516508166764053,0.7520560603282638
5a4153797dbc4d59c44f9600,AD2,wallplugs,evaluation,49.22706604003906,-0.005034863948822,-0.0004968643188476,0.0004728287458419,0.0046864748001098,3,0,0.0061587315285578,0.0474825534038245,7,0.8853373738959259,-1.7310336835004805,-0.5326485962720374,-0.8748403369423272,0.0815162632370897,0.0052485184767993,0.4834268185665078,0.7093196028121006,-0.98088563077054
5aaa1e280726e851c22c2a5c,AD2,wallplugs,evaluation,48.63411712646485,-0.0022828876972198,-0.0004743337631225,0.0010783076286315,0.0018989443778991,3,0,0.0061587315285578,0.0462553179822862,7,0.5218609795153663,0.7200938733994914,-0.5268324290331892,-0.644242246662037,-1.4792907307481615,-0.0611906335733353,-0.4787148756163976,0.40525065689762596,-1.239880490332955
5b80e6a97e747e6e1ea2cabd,AD2,wallplugs,evaluation,50.21535873413086,-0.002869427204132,-0.0005064010620117,0.0011133849620819,0.0080388337373733,3,0,0.0061175849987193,0.0453786747530102,7,1.491158645876674,0.1976754303747424,-0.5351104660027669,-0.6308829597642002,1.9585846654108656,0.4301378430562368,1.7248716556437698,1.2789544853125865,-0.4340490285696259
5bc0044d43ee8036bab43761,AD2,wallplugs,evaluation,49.8967170715332,-0.0009893476963043,0.0020578801631927,0.0018800199031829,0.0018800199031829,3,0,0.0061175849987193,0.0443943249993026,7,1.2958319997373249,1.8722228353956405,0.1268478378758338,-0.3389081966716307,-1.4898870106162376,0.4784619015328469,-0.0970275054394564,1.1323579800964294,-0.5424269027775392
5c1942ead170baacb685ef34,AD2,wallplugs,evaluation,52.98880386352539,-0.000747263431549,-0.0022580325603485,0.0028885900974273,0.0028885900974273,3,0,0.0061175849987193,0.0472125392407178,7,3.191274478062052,2.087842215137017,-0.9872866954515862,0.0452081900714392,-0.9251636983399651,1.6182413340667456,1.1330553898610436,2.876667849262991,1.0989754228424227
5c614a22be069cd39ff9030f,AD2,wallplugs,evaluation,49.05757141113281,-0.0039845705032348,0.0052087306976318,-0.0006831735372543,0.0035171508789062,3,0,0.0061175849987193,0.0460630939342081,7,0.7814375350205092,-0.7955593290937835,0.9402265168801116,-1.3151065896867555,-0.5732170232256438,-0.2668345273331232,0.1041102558974326,0.5717831225497827,-1.1476952737452164
5db1e439db6083db7722f52d,AD2,wallplugs,evaluation,46.80558013916016,-0.0031617581844329,0.0011789351701736,0.0049274116754531,0.0061490088701248,3,0,0.0061085920315235,0.0469776238314807,7,-0.5990282167067768,-0.0626976455680329,-0.1000480778539714,0.8216982967930732,0.9004251394353622,0.1113350400431482,0.1506984613642927,-0.4569555653567918,-1.9002215784251404
5ebab0fa9255b64e83b57c41,AD2,wallplugs,evaluation,46.55575942993164,-0.0032861530780792,0.0005493313074111,0.0053290277719497,0.0055309832096099,3,0,0.0061085920315235,0.0451036537997424,7,-0.7521677681136945,-0.1734935696158609,-0.2625776401395648,0.9746547540872524,0.5543773382318518,0.1112434929867789,-0.0988952149409213,-0.5794855158935999,-1.9991135436303793
625757a94e9fc1455eb9ebd9,AD2,wallplugs,evaluation,52.79949569702149,-0.0009065568447113,0.0005379021167755,0.0012772977352142,0.004890501499176,3,0,0.0061085920315235,0.0512958713807165,7,3.075228983732933,1.9459629113431405,-0.2655280371449859,-0.568456385475243,0.1957558411533879,1.253386299128845,1.6354924124431605,2.7108604468121156,0.8903177272594746
628a3d6a88117a92cba8631b,AD2,wallplugs,evaluation,46.78599548339844,-0.0055745840072631,-7.624924182891846e-05,0.0024511367082595,0.0030547082424163,3,0,0.0061085920315235,0.0466915229335427,7,-0.6110335680928587,-2.211751025260462,-0.4240686011325069,-0.1213969864195528,-0.8321500542696401,-0.3662152772562057,-0.7215918111812494,-0.5620699099255282,-2.0830275097205897
6310f6ae35b400b608ac09c7,AD2,wallplugs,evaluation,50.957706451416016,0.0013502836227416,-0.0033288300037384,-0.0016145259141921,0.009590595960617,3,0,0.0061787230661138,0.0460236128419637,7,1.9462161819955488,3.9560834049631377,-1.26370850615505,-1.6698143847966096,2.827454584010745,0.1382008985994696,2.3868353830031466,1.584613125316333,-0.247304627072215
652fd113575011cff70006bb,AD2,wallplugs,evaluation,48.37894058227539,-0.0031770765781402,0.0019075870513916,0.0036229491233825,0.0036229491233825,3,0,0.0061787230661138,0.0453605153597891,7,0.3654383129261231,-0.0763414177195863,0.0880503095881197,0.3248905931722013,-0.5139779782938795,0.3451644530491622,-0.0742698326838781,0.36138354095073094,-1.1919004361576309
67835274081e363a278e56d3,AD2,wallplugs,evaluation,47.2512321472168,-0.0021145939826965,-0.0020362138748168,0.000403881072998,0.0048873126506805,3,0,0.0061787230661138,0.0468972739763557,7,-0.3258445050435484,0.8699895569400004,-0.9300251441834012,-0.9010992241455094,0.1939703262779797,-0.613471864594529,-0.0659370893827843,-0.38336997695374453,-1.9895622709619718
683fd7f28733a87ab0890e51,AD2,wallplugs,evaluation,49.58185195922852,-0.0028932392597198,-0.0044512450695037,0.001074880361557,0.0084785521030426,3,0,0.0061787230661138,0.0503613501787185,7,1.102820370713718,0.1764665316411021,-1.5534551867760866,-0.6455475295789879,2.2047938170857155,0.228636420567365,1.6538070938997167,0.9279835806844475,-0.7586032079616647
697155354e67d8c9df080d96,AD2,wallplugs,evaluation,48.59162902832031,-0.0001234412193298,-0.0032806992530822,0.0021456480026245,0.0050687342882156,3,0,0.0061300625093281,0.047148220706731,7,0.4958158677627017,2.6434675822115583,-1.2512837573577746,-0.2377430954648172,0.2955527730447728,0.1290363861489422,0.3956843204037372,0.4224599714399498,-1.1869621240576866
69749c1e6c4b6875ef59421e,AD2,wallplugs,evaluation,47.46240234375,-0.0021417737007141,7.265806198120117e-05,0.0039007812738418,0.0039007812738418,3,0,0.0061300625093281,0.0459268488921225,7,-0.1963976338555208,0.8457811518773222,-0.3856288132900394,0.4307036365919835,-0.3584129088920844,0.1171530013682313,-0.2774052713738026,-0.13368750681077038,-1.6381728956401687
6b854ff6e433341b68fcd621,AD2,wallplugs,evaluation,44.52552032470703,-0.0013389587402343,0.0019036382436752,0.0020631551742553,0.0026159584522247,3,0,0.0061300625093281,0.0444182162173092,7,-1.9966999239266203,1.5608316075554225,0.0870309416527395,-0.2691606877615142,-1.0778168766599032,-1.1329303058440672,-1.5372584002932617,-1.8239460003101098,-3.2585921545196177
6d646f6e65e7ce83df2a1fff,AD2,wallplugs,evaluation,46.73834991455078,-0.0019650161266326,0.001190185546875,0.002845287322998,0.0046159029006958,3,0,0.0061300625093281,0.0451965569518506,7,-0.640240198169244,1.0032154176961212,-0.0971438409060015,0.0287162241729202,0.0420013172093664,-0.3057619869981618,-0.2991194404799388,-0.5733445559350276,-2.0797212879674416
6df6240e45743a5a31a9e90d,AD2,wallplugs,evaluation,47.69635391235352,-0.0003239512443542,-0.0061989873647689,-0.0014823824167251,0.0014407336711883,3,0,0.0060919212410226,0.0465062237344682,7,-0.0529858311369748,2.4648775062667125,-2.0046274349753426,-1.619487215633476,-1.735854199994887,-0.8362365233852254,-0.8944200155659311,-0.20963596958662492,-1.8950788252681616
6e48ae9f9ac1cad94c24afad,AD2,wallplugs,evaluation,47.66261291503906,-0.002454251050949,0.0006811618804931,0.0037863999605178,0.0037863999605178,3,0,0.0060919212410226,0.0458325780928134,7,-0.0736689891053999,0.5674641265679123,-0.2285461377836848,0.3871412380245259,-0.4224578256380312,0.1567361244595629,-0.2480634073717156,-0.02758796639240732,-1.5444360726133461
71b67d3ac11f0bf9c8560800,AD2,wallplugs,evaluation,51.14897918701172,-0.0008389353752136,-0.0055661797523498,-0.001198261976242,-0.0009979605674743,3,0,0.0060919212410226,0.0450286092236638,7,2.06346595290508,2.0061919366580714,-1.8412708383270824,-1.5112792618182445,-3.10133921625442,0.2760933455434176,-0.5189366316746702,1.7059914314327478,-0.1210673461988021
72320a7e5e2d7e37637b4d95,AD2,wallplugs,evaluation,52.551944732666016,-0.0014838278293609,0.0004419386386871,-0.0005610287189483,-0.0005610287189483,3,0,0.0060919212410226,0.048300031106919,7,2.9234807809965875,1.4317997467991952,-0.2903006013104508,-1.268587441555248,-2.8566903042136884,0.8274466697206697,0.0333952383914495,2.504273958741404,0.6362205209408851
7440beede8087425a21c2d21,AD2,wallplugs,evaluation,48.27215576171875,-0.0032284557819366,-0.0010368227958679,0.0007461011409759,0.0007461011409759,3,0,0.0060964717995375,0.0469569494016468,7,0.2999794501776638,-0.1221037974652632,-0.6720365830887743,-0.7707638873164014,-2.124796075845468,-0.2353922185693688,-0.912408312833902,0.1929051164282573,-1.4469721005271081
74f29a7c2f9cf33ab2413ef7,AD2,wallplugs,evaluation,50.85809326171875,-0.0005397200584411,-0.0045958757400512,-0.0012430250644683,0.0007321536540985,3,0,0.0060964717995375,0.0463789007626473,7,1.8851535133658728,2.272696746777907,-1.59079097991118,-1.528327391742247,-2.132605617543515,0.1784130608118128,-0.123726052088821,1.5438054228550608,-0.2719827021675687
77aa7a5186b051015be725cc,AD2,wallplugs,evaluation,47.76719284057617,-0.0025447309017181,0.0029064714908599,0.0038895606994628,0.0038895606994628,2,0,0.0060964717995375,0.053797080181539,5,-0.0095617222083538,0.4868756202408386,0.3459080838533018,0.4264302538247486,-0.3646955850658334,0.2084342658081973,-0.1871286536370936,0.03403747539495644,-1.4841009516690193
7c5cca13e3749824e72709f4,AD2,wallplugs,evaluation,50.05905151367188,-0.0028894841670989,0.0057178884744644,0.0042376518249511,0.0042376518249511,3,0,0.0060964717995375,0.0528239221312105,7,1.395342659697339,0.1798111139194984,1.071663433800883,0.5590015970420247,-0.1697907837128737,0.977172128369682,0.6127759379922326,1.3117085534318076,-0.2953757918779565
7e162398c426e8fbdb69dd41,AD2,wallplugs,evaluation,47.12884521484375,-0.0010094344615936,0.0076241940259933,0.0041322410106658,0.0041322410106658,3,0,0.0061924534384161,0.0455348170362412,7,-0.4008674284014886,1.8543319746365996,1.5637681129449703,0.5188556346311081,-0.2288128969308034,0.0589941031148097,-0.314840162666146,-0.30889512209822895,-1.791486608957848
7fa5817c7913969caaa694c6,AD2,wallplugs,evaluation,50.303199768066406,-0.0042429268360137,0.0038473606109619,-0.002797245979309,0.0048615187406539,3,0,0.0061924534384161,0.0458197039552032,7,1.5450050086283893,-1.025671898708211,0.5887946128184856,-2.120256169150138,0.1795276802530665,-0.2876255802608742,0.8622663444407279,1.1784788908505366,-0.6623998232521098
7fd5f6063cab63563082f601,AD2,wallplugs,evaluation,46.714725494384766,-0.000717669725418,0.0073982328176498,0.004271000623703,0.004271000623703,3,0,0.0061924534384161,0.0451059127226471,7,-0.654721916348832,2.114200708807236,1.5054371870124998,0.5717025673382689,-0.1511179692681852,-0.0415096745052815,-0.4029199428085086,-0.532079467980122,-1.9922027342073632
80410be83f52a20df8abf58f,AD2,wallplugs,evaluation,53.54068374633789,-0.0041793584823608,0.0006541609764099,-2.3752450942993164e-05,0.0035969614982604,3,0,0.0061924534384161,0.0467675370164215,7,3.5295756459091963,-0.9690528987096444,-0.2355163064588125,-1.0639644813222813,-0.52852909017571,1.2328055822934574,1.5005232778667432,3.0702216331860486,1.1760744632761222
809825c3698c70f5ecb7ebba,AD2,wallplugs,evaluation,54.98260116577149,0.0003219544887542,-0.0027533769607543,0.0029397010803222,0.0029397010803222,2,0,0.0061169607797637,0.0464095706120133,5,4.413467887908628,3.04017220245468,-1.1151577479342545,0.0646739309633595,-0.8965453991687043,2.239070909435994,1.758461244369962,3.9785884922141017,2.1155336651242105
81156196aa23079595797153,AD2,wallplugs,evaluation,46.831661224365234,-0.0038813054561614,0.0041961371898651,0.003965824842453,0.004771664738655,3,0,0.0061169607797637,0.0492553706280887,7,-0.5830405682013927,-0.7035833164378841,0.6788298048770058,0.4554756362984651,0.1292162096983427,-0.0637824659514637,-0.2269121792515249,-0.4791889477514069,-1.9540937809095826
82584a127b25406c01ba0054,AD2,wallplugs,evaluation,46.09250259399414,-0.0054835975170135,0.0034823715686798,0.0028078854084014,0.0032300353050231,3,0,0.0061169607797637,0.0457172272726893,7,-1.036143200978085,-2.130711265768843,0.4945742422177251,0.0144716149488036,-0.7339801102320148,-0.5108357930146407,-0.8850616556050499,-0.9310817193853963,-2.410468367296689
83d3730cf07c41f8bb05549b,AD2,wallplugs,evaluation,47.4288215637207,-0.0008137226104736,0.0058872997760772,0.0034394562244415,0.0034394562244415,3,0,0.0061169607797637,0.0446076211519539,7,-0.2169825789766113,2.028648417670161,1.1153962415644187,0.2550068808272724,-0.6167201753769422,0.0190121509253305,-0.4168513771767768,-0.16978363299622293,-1.6874369530286382
85a43db15ecc17b1173c905d,AD2,wallplugs,evaluation,50.39049530029297,-0.0041106939315795,0.00396429002285,0.0012101531028747,0.0012101531028747,3,0,0.0061043832683935,0.0476397429592907,7,1.598516980018942,-0.9078948227618256,0.6189794437201008,-0.5940285803612467,-1.8649619438363128,0.5022441998288476,-0.1332224819086853,1.379262423980923,-0.33831236248161534
89dc09ccae3c15f0a7bbdd20,AD2,wallplugs,evaluation,52.14345169067383,-0.0024774074554443,0.0038261115550994,0.0038143098354339,0.0038143098354339,2,0,0.0061043832683935,0.0448056748136878,5,2.6730754347115875,0.5468392025178016,0.583309259324704,0.397770781083,-0.4068303987144827,1.5354231078972935,1.1331225179985525,2.4455449693487292,0.7340961082518678
8a1a2c2af8ca900195672c18,AD2,wallplugs,evaluation,46.86201477050781,-0.0039365291595458,0.0028805136680603,0.0039172321557998,0.0045808553695678,3,0,0.0061043832683935,0.0504811620339751,7,-0.5644339104337548,-0.7527699113733477,0.3392071821799726,0.4369689945933479,0.0223773406347875,-0.0637324579202034,-0.2710282848994836,-0.4642936199310445,-1.9420640224376506
8aeeb20477288fb316b53c18,AD2,wallplugs,evaluation,53.90569305419922,0.0004586577415466,0.0023446083068847,0.0024002790451049,0.0063318759202957,3,0,0.0061043832683935,0.0478528910316526,7,3.753325557747381,3.1619309239705844,0.2008654899987957,-0.140766249878481,1.0028169083653076,1.80627965393445,2.3780712330563443,3.363916376984795,1.5307337823210065
8ba4930710a3df26f09fb664,AD2,wallplugs,evaluation,51.69853973388672,0.0007493495941162,-0.0070377439260482,0.0008020550012588,0.0008020550012588,1,0,0.0060954340733587,0.0433989376761019,3,2.400345372867,3.420844063204536,-2.221148877792996,-0.7494537249113983,-2.0934661302512745,0.8254458239778006,0.1534396213078626,2.0853654630891603,0.29777984448218686
8d58c8921897b0fb3f734d68,AD2,wallplugs,evaluation,51.04927062988281,0.0009149610996246,0.0009670257568359,0.003782719373703,0.003782719373703,1,0,0.0060954340733587,0.0434318119660019,3,2.002344824247228,3.568350759403333,-0.1547515926050701,0.3857394776745829,-0.4245186769194602,1.1940421509609056,0.788913073663884,1.8406842895899636,0.17596935331652563
8e5ff261a774af03aeb72d10,AD2,wallplugs,evaluation,51.48432540893555,-0.0041151642799377,-0.0024350881576538,-0.0043938755989074,0.0040229856967926,3,0,0.0060954340733587,0.0444870768114924,7,2.269032457579616,-0.9118764683313452,-1.0329928456711597,-2.728336403869517,-0.289987640232169,-0.2296519731449504,0.9895224086737237,1.7692955714347027,-0.1737564066561028
928e0dc438d2c77a9eee84b3,AD2,wallplugs,evaluation,49.23152160644531,0.0001308321952819,0.0014315843582153,0.0034661889076232,0.0050437897443771,3,0,0.0060954340733587,0.0451198210939765,7,0.8880686264122765,2.869943582205825,-0.0348277633469128,0.2651880875794896,0.2815857080848047,0.576628356995883,0.5848271672485406,0.8257805725289978,-0.7696713928316088
929ea2e5f12bb77c25744622,AD2,wallplugs,evaluation,51.868797302246094,0.0011035203933715,-0.0007643699645996,0.0026906132698059,0.0026906132698059,1,0,0.0060849104775115,0.0428305193781852,3,2.5047128919678188,3.736296569525664,-0.601704042218998,-0.0301917613833865,-1.036015804109461,1.2372605652922162,0.7343485439291789,2.2512224266326983,0.5161129377328599
938c347d5335dd0ba11556de,AD2,wallplugs,evaluation,46.64768981933594,-0.0005628168582916,-0.0012074410915374,-0.0024251192808151,0.0021170824766159,3,0,0.0060849104775115,0.0461568091996014,7,-0.6958146393538217,2.2521249113353896,-0.7160809712401055,-1.978530820084854,-1.35714983233181,-1.337172729719338,-1.0264822358428158,-0.824086257426925,-2.4936819984709317
95037d66a567c9ecc2ef10e1,AD2,wallplugs,evaluation,50.77770614624024,-0.0007268786430358,-0.0034950077533721,-0.0003906786441802,0.0044923424720764,3,0,0.0060849104775115,0.0460464712232351,7,1.83587638641634,2.1059985189340256,-1.30660658621301,-1.2037092054396703,-0.0271832124489701,0.3160835904883347,0.9043465869836848,1.531917827230739,-0.25332730528104896
97e8efa04204897efdc00bcd,AD2,wallplugs,evaluation,48.86708068847656,-0.000142753124237,0.0038899779319763,0.0044230967760086,0.0050953328609466,3,0,0.0060849104775115,0.0470394953154027,7,0.664667136342016,2.626266873351234,0.5997960931776827,0.6296287531353039,0.3104459695522656,0.6471479447386599,0.4875565529471408,0.6611632980213449,-0.8880366001236029
996760dbf41e44efb1729df4,AD2,wallplugs,evaluation,46.67885971069336,-0.0047007501125335,0.003975510597229,0.000636875629425,0.0027035176753997,3,0,0.0061137088341638,0.0472478871233761,7,-0.6767075637450031,-1.4334454936345966,0.6218759873251622,-0.8123626863653155,-1.0287903093332769,-0.7445351250551593,-0.85274893653914,-0.6902730760070344,-2.2641039630915993
9f0268c0262ab8e431b4c9e7,AD2,wallplugs,evaluation,46.96427154541016,-0.0040888786315917,0.0027853399515151,0.0033603757619857,0.0047811269760131,3,0,0.0061137088341638,0.0486971191130578,7,-0.5017507298230592,-0.8884643923825707,0.3146384916015837,0.2248888963044092,0.1345143496323808,-0.138430916759325,-0.1836181900953392,-0.4290867672103124,-1.9289814996319317
9fb68d66761f8f21cdecec5d,AD2,wallplugs,evaluation,50.57901382446289,-0.0039122402667999,0.0044016242027282,0.0035097897052764,0.0044330358505249,3,0,0.0061137088341638,0.0455857752822339,7,1.7140784253147698,-0.7311363037789587,0.7318754042313165,0.2817935563403522,-0.0603904517205788,0.997935990827561,0.8268439867970955,1.5708499384173282,-0.08200622423297554
a53258535b89e294bd4dda88,AD2,wallplugs,evaluation,44.80088806152344,-0.0011008083820343,0.0042524933815002,0.0026851296424865,0.0050239861011505,3,0,0.0061137088341638,0.0461671259254217,7,-1.8279001001721005,1.7729471391956215,0.693377916317035,-0.0322802140505079,0.270497160096873,-0.9300901571113042,-0.7787014700376136,-1.6483381115599414,-3.075269093814504
a533370cd733810995bc2f0a,AD2,wallplugs,evaluation,44.46897506713867,-0.0011501610279083,0.0012845396995544,0.0020606219768524,0.0024138987064361,3,0,0.006131887785159,0.0449315947480499,7,-2.031362043832326,1.728989772108127,-0.0727867172575972,-0.2701254620914344,-1.1909551089521178,-1.1507437529618805,-1.6111585763922218,-1.8552383856582368,-3.287497985329461
a54badcce620589e5c34eb86,AD2,wallplugs,evaluation,50.54222106933594,-0.0046312510967254,0.0022903978824615,0.0025503039360046,0.0043034553527832,3,0,0.006131887785159,0.0466503030620515,7,1.6915245464447348,-1.3715441771804675,0.1868712992481807,-0.0836289089747337,-0.1329457664708073,0.8039478187350005,0.7792893899869637,1.5140092009027881,-0.16767613345078503
a6039ea3684437bb986353eb,AD2,wallplugs,evaluation,49.80131149291992,-0.0015990138053894,-0.0014157593250274,-0.0024148821830749,-0.0002872347831726,3,0,0.006131887785159,0.0452218558639287,7,1.2373485875507435,1.3292060126245773,-0.7698574381707265,-1.9746319967633523,-2.7033863307522465,-0.3686417046063045,-0.7330188716007515,0.9161505291193339,-0.890703892395607
ab763a23d88a25c9db89f052,AD2,wallplugs,evaluation,48.413124084472656,-0.0023511052131652,0.0002734959125518,-0.0016090869903564,2.4139881134033203e-06,3,0,0.006131887785159,0.0465209051035344,7,0.3863927254252816,0.6593339620086246,-0.3337833754294593,-1.6677429575588396,-2.541204844078495,-0.640675116066779,-1.0774060593266068,0.18097915712686946,-1.5397533044419647
aba92685e35de6d670abd84f,AD2,wallplugs,evaluation,56.28926849365234,0.0010652542114257,-0.0037897527217864,0.0011056065559387,0.0049615204334259,3,0,0.0060771950520575,0.0484650107100605,7,5.214452117949834,3.7022136834505774,-1.3826937475783665,-0.6338453844713671,0.2355210930047665,2.290303366739234,2.7249866054773006,4.629622367707714,2.651385006485339
ae2141771a168e06cbe847d3,AD2,wallplugs,evaluation,50.46222686767578,-0.0004229843616485,-0.0009590238332748,0.0040938258171081,0.0040938258171081,3,0,0.0060771950520575,0.0453233951702714,7,1.642488274811284,2.376670784749958,-0.6519531114260582,0.5042251156750235,-0.2503225107102524,1.0733566952431537,0.6960828820505157,1.5286619588976578,-0.10057383909111062
b04318869509fad39eb987ad,AD2,wallplugs,evaluation,45.13361740112305,-0.0010761618614196,0.0042908489704132,0.0032352209091186,0.003343254327774,3,0,0.0060771950520575,0.0459775291383266,7,-1.623937738670694,1.7948992784355724,0.7032792486403124,0.1772233692632319,-0.6705859886275719,-0.7233571847037311,-1.147261863649133,-1.4438216278773015,-2.867820052598872
b052fb65f8e9434db5d5b7db,AD2,wallplugs,evaluation,49.47880935668945,-0.0030739605426788,0.0022920966148376,0.0044387280941009,0.0044387280941009,3,0,0.0060771950520575,0.0442877952009439,7,1.039655479470858,0.015501873417329,0.1873098197939668,0.6355819782652234,-0.0572032242327008,0.8376187288680407,0.4912261276190785,0.9992481293502945,-0.5761439054839168
b173f7f53ad3037fea8d6f0b,AD2,wallplugs,evaluation,46.65353393554688,-0.0008333027362823,0.003519132733345,0.0046833306550979,0.0046833306550979,3,0,0.0060746918898075,0.0456322347745299,7,-0.6922322088272386,2.011208810075666,0.5040639806953963,0.728739452533699,0.0797557789440471,0.0182536218532302,-0.3062382149415957,-0.5501350426911449,-1.9945098282054765
b1b2dd193aa4809fd5b618cb,AD2,wallplugs,evaluation,49.49393081665039,-0.0008028447628021,0.0010283589363098,-0.0002819001674652,0.0021128356456756,3,0,0.0060746918898075,0.0499404403381049,7,1.0489249015383353,2.038337088555992,-0.1389186928993165,-1.1622806606842715,-1.3595277376565356,-0.0566778795729681,-0.1553014180591001,0.8278043453160746,-0.8979829911359882
b2a3c60776477d58d5a39dc4,AD2,wallplugs,evaluation,49.8706169128418,-0.0047960579395294,0.0010214000940322,0.0046389997005462,0.0104976743459701,3,0,0.0060746918898075,0.0453154686838388,7,1.2798326592263056,-1.5183341771767511,-0.1407150884684581,0.7118559017600946,3.335350130789799,0.9958442804932002,2.3075913950080524,1.2230349834796845,-0.3630979827288363
b3b2795278f1c92b45f06d8d,AD2,wallplugs,evaluation,46.75829315185547,-0.0008296370506286,-6.057322025299072e-05,-0.0003996491432189,0.0031791776418685,3,0,0.0060746918898075,0.0462474059313535,7,-0.628015037077223,2.014473759442672,-0.4200219027626203,-1.2071256415962113,-0.7624565694365376,-0.9175703393367172,-0.6952358032568803,-0.6859260975291218,-2.2961004018013353
b3c459424a3e15721cf56b3c,AD2,wallplugs,evaluation,46.028053283691406,-0.0032299757003784,0.0029195249080657,0.0029106438159942,0.0029106438159942,3,0,0.0060949770268052,0.0470509016886353,7,-1.0756504880189603,-0.1234575569588998,0.3492777680472377,0.0536074018848625,-0.9128152777063016,-0.5110215430670488,-0.994232882862631,-0.9627246990285782,-2.4360401726693355
b785c5e01d8a83151d196373,AD2,wallplugs,evaluation,49.82181930541992,0.0006105899810791,0.0018219202756881,-0.0023601353168487,0.0030950456857681,3,0,0.0060949770268052,0.0489598829299211,7,1.2499198320095624,3.297253784726652,0.0659357953975517,-1.953781520950841,-0.809564125448473,-0.3519308444706392,0.2201778532805446,0.929549696713522,-0.8764628824569547
b79a0aa5808086d5f7ece281,AD2,wallplugs,evaluation,45.078800201416016,-0.0018328726291656,-8.288025856018066e-05,0.0015306025743484,0.0015306025743484,3,0,0.0060949770268052,0.046502802055329,7,-1.657540562865863,1.1209128607311163,-0.4257803699296547,-0.4719846276263357,-1.6855343859127083,-1.0647625952460993,-1.6715374743892857,-1.5389849693419104,-3.014661385041963
baa3a43e4a034fd387a533a0,AD2,wallplugs,evaluation,51.0565299987793,0.0008660554885864,0.0017947703599929,0.0035404413938522,0.0035404413938522,3,0,0.0060949770268052,0.0466039483435452,7,2.006794801591933,3.5247915568727906,0.0589271600078814,0.2934673257323872,-0.5601760898132004,1.15013106366216,0.7233093558893663,1.8354620540059785,0.16274549517277093
be19bf4ad8ddfed997bed113,AD2,wallplugs,evaluation,46.11857604980469,-0.002397209405899,0.0045621395111083,0.0061255693435668,0.0061255693435668,3,0,0.0061004797462373,0.0448346869088709,7,-1.0201602292749552,0.6182699240349806,0.7733117491366562,1.278019529415998,0.8873007707483671,0.1289296500705213,-0.066429729263294,-0.79034225340586,-2.165631396738992
c06b2fa6d900361d307e0754,AD2,wallplugs,evaluation,49.908451080322266,-0.0028891861438751,0.0061468034982681,0.0053981840610504,0.0053981840610504,3,0,0.0061004797462373,0.0474417037330567,7,1.303024921604015,0.1800765569574664,1.1823860249404392,1.0009930932940752,0.4800198215513047,1.152009007449045,0.8915223715776599,1.2728217387730212,-0.29088093428884476
c1bc9713953d926fc96fa4a1,AD2,wallplugs,evaluation,49.64579391479492,-0.0049076676368713,0.0006426274776458,0.0040832161903381,0.0096126794815063,3,0,0.0061004797462373,0.0464555909857153,7,1.1420166504047005,-1.6177425948957536,-0.2384936301644134,0.5001844137755928,2.8398196916993186,0.8211005320901466,1.9909181710520096,1.0778334267417897,-0.5161202933543725
c59ca1f3de392fd1e5df1f9e,AD2,wallplugs,evaluation,46.937381744384766,-0.003166526556015,-0.0018754452466964,0.0045881271362304,0.0057171881198883,3,0,0.0061004797462373,0.0464212517254054,7,-0.51823411936737,-0.0669447341755204,-0.8885234058633392,0.6924809631580492,0.6586380573117568,0.0871234218953396,0.0702019689721934,-0.39716261111482803,-1.8569406563279633
c748e1f012ea9093af24bf6f,AD2,wallplugs,evaluation,50.47489929199219,-0.0041777193546295,0.0031351447105407,-0.0001867413520812,0.0048142820596694,3,0,0.0061303394613787,0.0464528538286685,7,1.6502564433552191,-0.9675929620008206,0.4049391039904483,-1.1260391967379733,0.153078698220152,0.2621086233086229,0.9016675707876856,1.3726268793459,-0.39293889278459404
c7f305a57282792a59bf2667,AD2,wallplugs,evaluation,49.96290588378906,-0.0012020915746688,0.0034928172826766,0.0055032968521118,0.0055032968521118,1,0,0.0061303394613787,0.0461547933518886,3,1.3364055976921176,1.6827363227422094,0.4972707589071647,1.0410255528426482,0.5388750642201309,1.1887155752673828,0.9376403309561244,1.306867593207171,-0.25587666858956704
cd98ce9c9c0febb3f9ad7a7e,AD2,wallplugs,evaluation,49.858585357666016,-0.0004046559333801,-0.0004487186670303,-0.0009450316429138,-0.0009450316429138,3,0,0.0061303394613787,0.0463904929347336,7,1.2724573420717085,2.392995531584988,-0.5202200008033081,-1.414835879684923,-3.0717030067336277,-0.0711892688066072,-0.8996228323309594,1.0037280198960452,-0.7590022863885593
d16db263535a8f6ce803ae7e,AD2,wallplugs,evaluation,46.61276245117188,-0.0018224120140075,0.0053464472293853,0.0028254389762878,0.0061256289482116,3,0,0.0061303394613787,0.0452022901736199,7,-0.7172250400727476,1.130229911363792,0.975777454460426,0.0211569335408392,0.8873341448581878,-0.3480340532659541,0.0850545523927201,-0.6433868427113889,-2.14491413490716
d2001479a684aee624549cfa,AD2,wallplugs,evaluation,49.219356536865234,-0.0014073550701141,-7.639825344085693e-05,0.0020680129528045,0.0020680129528045,3,0,0.006088854977861,0.0450999019667506,7,0.8806114652182337,1.4999124303417746,-0.4241070678470495,-0.2673105911053142,-1.3846250682417112,0.3066504370564598,-0.2520068015117387,0.7658192595858789,-0.8734513109512307
d3db763b172da458f3364304,AD2,wallplugs,evaluation,49.38937759399414,-0.005000501871109,0.0015604197978973,0.003320038318634,0.0087807178497314,3,0,0.006088854977861,0.0453559686429798,7,0.9848340034491784,-1.7004281012227742,-0.00156944195334,0.2095262838862086,2.3739838668218165,0.5971801436676935,1.6794089351354975,0.9073032314928814,-0.6996713462693327
d6d807cd63791b4a89fbcc6a,AD2,wallplugs,evaluation,48.59982299804688,-0.0014744997024536,0.002047061920166,0.003798633813858,0.003798633813858,3,0,0.006088854977861,0.0481076161377131,7,0.5008387533835245,1.4401081138875924,0.1240551544000376,0.3918005305237289,-0.41560778959733,0.4463196419536267,0.0426154818930972,0.4899349310975449,-1.0674128904636593
d81d4f7ae35ed987d40b3b1a,AD2,wallplugs,evaluation,50.3289680480957,-0.0041495561599731,0.0032114684581756,0.0013136267662048,0.0013136267662048,2,0,0.006088854977861,0.0455347681418061,5,1.5608009082413583,-0.942508594912848,0.4246417551791923,-0.5546203865555633,-1.807024489187556,0.5030902608428975,-0.1231117904730989,1.3492587787616661,-0.362349626878705
db5e316bdd5e3418a0e1f6f1,AD2,wallplugs,evaluation,47.38105392456055,-0.0016394257545471,0.0013153254985809,0.0027810782194137,0.0027810782194137,3,0,0.0060808960115537,0.0452910521999001,7,-0.2462640378890611,1.2932119366761214,-0.0648394940330863,0.0042620324810006,-0.985362248929075,-0.1210010027040302,-0.615813143409068,-0.22121143085205494,-1.757664156136701
dcd1547197450f8ddbaf9112,AD2,wallplugs,evaluation,54.07857894897461,-0.0007372200489044,-0.0045525133609771,0.0001093447208404,0.002520352602005,3,0,0.0060808960115537,0.0462975059635937,7,3.859304235224712,2.096787645516537,-1.5795971659792696,-1.0132741029996482,-1.1313489488123256,1.4230150661125318,1.3639776432061932,3.3720464014022764,1.4586541843122103
df74d859203b038ec93cfdb8,AD2,wallplugs,evaluation,49.91941452026367,-0.004544049501419,-0.0030923038721084,-0.0016631633043289,0.0012705624103546,3,0,0.0060808960115537,0.0455389730632305,7,1.309745486443049,-1.2938755442710412,-1.2026502901615057,-1.6883380519310782,-1.8311372835330209,-0.1892962827440147,-0.2606958985449861,1.0099371326056363,-0.7782256947905144
e2950a2f615d3c258a9808d8,AD2,wallplugs,evaluation,51.40894317626953,0.0004988312721252,-0.002619981765747,-0.0005011558532714,0.000445157289505,3,0,0.0060808960115537,0.0458517172373831,7,2.222823312908724,3.197712645488666,-1.0807223450756764,-1.2457847165104272,-2.2933019563302444,0.4885192981991481,-0.0352393217107604,1.8759625099668087,0.05967405785832125
e42566d96660dcfb3f67b252,AD2,wallplugs,evaluation,46.94086837768555,-0.0026021599769592,-0.0013945996761322,0.0022948384284973,0.0022948384284973,3,0,0.0060931330081075,0.0438132742419838,7,-0.5160968207372806,0.4357247468244121,-0.7643951647056705,-0.1809235625756319,-1.2576198933189906,-0.3485101916564562,-0.8868583570281356,-0.4825794949211157,-2.015251442261634
e44e382d905262c0af00c67a,AD2,wallplugs,evaluation,56.18444442749024,0.0018427371978759,-0.0005033016204833,0.0045343935489654,0.004882663488388,3,0,0.0060931330081075,0.0486710332334041,7,5.15019519338066,4.394701480901401,-0.5343103583402798,0.6720163970775057,0.1913671457119642,2.911105795229082,2.670781169546312,4.702377313750345,2.8374722622009285
e47c4a9083350d64e9ca97b8,AD2,wallplugs,evaluation,46.91982269287109,-0.0005812048912048,-0.0009323060512542,-0.0006779581308364,0.0014010965824127,3,0,0.0060931330081075,0.0472782277502119,7,-0.5289977797550083,2.2357470758927662,-0.6450560295085614,-1.3131202895957432,-1.7580479830256608,-0.9210590346753758,-1.1435228813903344,-0.6074100307390817,-2.2334592018369763
eb9597cf4a5355c5f38bd1ba,AD2,wallplugs,evaluation,45.36231231689453,-0.0008231699466705,0.0032482743263244,0.0045740157365798,0.0045740157365798,3,0,0.0060931330081075,0.0461086207069456,7,-1.4837482527051715,2.020233873366577,0.4341430336712262,0.6871066026260817,0.0185476615328608,-0.3983208250395449,-0.7326002955861554,-1.2666627671720463,-2.658172692823941
ec41cbcdbafdf9b976015f3c,AD2,wallplugs,evaluation,45.10389709472656,-0.0009908080101013,0.0021644234657287,0.0017800629138946,0.0028333067893981,3,0,0.0061038199346512,0.0461189020425081,7,-1.6421562218512482,1.8709221645095973,0.1543515387738266,-0.3769770567016602,-0.956118185198676,-1.0095666392764542,-1.299137203524962,-1.5156383053362894,-2.9844968883500576
ee3f8f243c73e2581e430016,AD2,wallplugs,evaluation,46.81760787963867,-0.0035488903522491,0.00111585855484,0.0037738978862762,0.0064647346735,3,0,0.0061038199346512,0.0470546190626919,7,-0.5916552379533065,-0.4075081518884175,-0.116331038119874,0.3823797929492136,1.0772077991556752,-0.1046377225020464,0.2427762806011843,-0.4942517348630545,-1.9746312731823394
ee581afb7d8befad88f22d21,AD2,wallplugs,evaluation,49.49495697021485,-0.0028573274612426,-0.0061134099960327,0.0003284215927124,0.0040920972824096,3,0,0.0061038199346512,0.0443997089751064,7,1.0495539314415014,0.2084524177162417,-1.9825360008135005,-0.9298381488908984,-0.2512903598950531,0.0598578912753015,0.3991317857732241,0.8516147234082614,-0.8548583281931523
f1c8f0b2ce0e8dd169b8112a,AD2,wallplugs,evaluation,47.17551040649414,-0.0024411976337432,0.0031606256961822,0.00513356924057,0.00513356924057,3,0,0.0061038199346512,0.044858846347779,7,-0.3722617674147454,0.5790905316309092,0.411516912177241,0.9002139018192297,0.3318554610022525,0.2639760672022421,-0.0202031532062464,-0.24501420049134792,-1.6978800028763894
f4aa6db6e4475236ca5c9504,AD2,wallplugs,evaluation,50.91448211669922,-0.0003333687782287,-0.0040751993656158,-0.0012126266956329,0.0028595328330993,3,0,0.0060992548242211,0.04602637514472,7,1.9197197588253707,2.4564895062669247,-1.4563805859562615,-1.516750099783204,-0.9414335768775624,0.2014848295210833,0.4891430909739041,1.5760727729645132,-0.24121121609491447
f5b11bdc64e42c235c64d5f3,AD2,wallplugs,evaluation,57.41149520874024,0.0003839433193206,0.0011061429977416,0.0004343688488006,0.0004343688488006,1,0,0.0060992548242211,0.0431318539194762,3,5.902374653499989,3.095384354352016,-0.1188390679080546,-0.8894878813277634,-2.299342670207793,2.506443386086113,1.8015159916460977,5.223188400017214,3.1747002604628314
f6a4d3f5f47b2f4b0dcc08dc,AD2,wallplugs,evaluation,53.203609466552734,0.0015435218811035,0.0006002634763717,-0.0014534294605255,0.001722365617752,3,0,0.0060992548242211,0.0481895944103598,7,3.322949845524122,4.128196670781565,-0.249429717108888,-1.6084604125567992,-1.5781615310920216,0.8572447164836617,0.8723941572160505,2.82980881971603,0.9050186988098806
f6cc7ed1c1f6198c63afd6fb,AD2,wallplugs,evaluation,45.14631271362305,-0.0030348896980285,0.0026119947433471,0.0013137757778167,0.0053627640008926,3,0,0.0060992548242211,0.0472405850887298,7,-1.6161555397199967,0.050301455694929,0.2698901625741221,-0.5545636351243916,0.4601872567903465,-1.0853595874221942,-0.5779841414648251,-1.5099963492604362,-2.995495761144782
f7fa7c0c27b36f69f45d51c8,AD2,wallplugs,evaluation,46.99055480957031,-0.0050313770771026,0.0035023987293243,0.0040303170680999,0.0040303170680999,3,0,0.0060996991815045,0.04578752303496,7,-0.4856391460579435,-1.7279279999562551,0.4997441686522569,0.4800376557096111,-0.2858826247242214,-0.0028007451741662,-0.3857608853910825,-0.389071465881188,-1.8688627106715745
f82cdbd5dd5be9bac80dcc4d,AD2,wallplugs,evaluation,50.44897079467773,-0.0007745921611785,-0.0026289820671081,-0.0012575984001159,0.0026408731937408,3,0,0.0060996991815045,0.0466246549040079,7,1.6343623308949156,2.063501088555354,-1.0830457346340523,-1.533877681710847,-1.0638664987548454,0.0502423245920342,0.2852479160700351,1.3175383296343393,-0.4808632228529721
f8702fdfd9c235505f85bd8b,AD2,wallplugs,evaluation,50.19818115234375,-0.0013608932495117,0.0037599205970764,0.0036409795284271,0.0036409795284271,2,0,0.0060996991815045,0.0466864220798015,5,1.4806288256017368,1.5412949999609802,0.5662223447248601,0.3317575163439866,-0.503882310073114,0.9061931709728616,0.4883732577643114,1.3657416946759617,-0.2663385743689959
f9e04e05ec21c32ecc997a4a,AD2,wallplugs,evaluation,50.89461898803711,-0.0004553794860839,-0.0035952627658843,-0.0009371638298034,0.0031273066997528,3,0,0.0060996991815045,0.0465351468883454,7,1.907543704157017,2.34781712652284,-1.3324869917573032,-1.4118394041190532,-0.7915003885080125,0.2478521500189818,0.5580216578245022,1.5756053933294099,-0.2320745021989692
fa3056fb21546b699840d069,AD2,wallplugs,evaluation,50.151737213134766,-0.0023577213287353,-0.0040311217308044,0.0006065070629119,0.0101051032543182,3,0,0.0064601213671267,0.046284622978419,7,1.4521587918803605,0.6534411265657357,-1.4450021317945467,-0.8239286280381242,3.115539899983133,0.3141150819211181,2.283849345931747,1.224550049888512,-0.5017557145552549
fb809f50ff99c4e0139e36a7,AD2,wallplugs,evaluation,48.52553939819336,-0.0020600259304046,0.0006340593099594,2.1070241928100583e-05,2.1070241928100583e-05,3,0,0.0064601213671267,0.0466170781292021,7,0.4553030682372112,0.9185921771919344,-0.2407054662506156,-1.04689365082581,-2.5307587477046125,-0.2957952912942994,-1.0377278397337006,0.3050833963309091,-1.3688457765065039
fc781dc0c1d8096eb85a94cf,AD2,wallplugs,evaluation,48.43126678466797,-0.0031820833683013,0.0028034001588821,0.0024049580097198,0.0044747591018676,3,0,0.0064601213671267,0.0455254325643181,7,0.3975141611853527,-0.080800860757448,0.3193006574041526,-0.1389842549396871,-0.0370285748460802,0.1292649531228328,0.1802427931696362,0.34386431957284874,-1.2503364715730494
0141e577b394bc1acedb943a,AD2,walnuts,evaluation,42.0150032043457,-0.0030874609947204,-0.0030764937400817,-0.0047312080860137,0.0004184246063232,3,0,0.0081943467957898,0.0476826690137386,7,0.5405667061016908,-0.0248710646467482,-0.826809730417155,-1.8232459544246855,0.4067576139213529,-0.6413396241614975,0.4736621600115218,0.3041854400490531,-1.4404707166793878
0193bb86b5fec22fd573e76f,AD2,walnuts,evaluation,51.96568298339844,-0.0001571476459503,-0.0007814764976501,-0.0003553330898284,6.586313247680664e-05,3,0,0.0081943467957898,0.0464528310112655,7,4.627661294464599,1.2568099790595022,0.2628121287738001,0.8281998566926314,0.205045531898775,2.727930575578615,2.416353413181687,4.2477151506874025,2.433006674341585
048665ab0fdf52c047fa4224,AD2,walnuts,evaluation,46.37911224365234,-0.0010701417922973,-0.0003739893436431,0.0017476975917816,0.0017476975917816,3,0,0.0081943467957898,0.0458946987055242,7,2.3330599662228386,0.8574781837486353,0.4562777385898963,2.1024757206666465,1.16727866163505,2.2177678434447428,1.7501693139289445,2.3100015416672193,0.764728536728096
05c458e1a10e73f974175e94,AD2,walnuts,evaluation,48.70637130737305,-0.0014073550701141,-0.0012577474117279,0.0005033314228057,0.0005033314228057,2,0,0.0081943467957898,0.0440458380617201,5,3.2889472157627786,0.7099854707098738,0.0366895579794585,1.3484849258877016,0.4553356123729441,2.31871607082524,1.8721414140678612,3.094900986775271,1.4188010254503813
07bded3e454c5d9bb99ce740,AD2,walnuts,evaluation,43.34998321533203,-0.0025204718112945,-0.0011899471282958,-0.0013364255428314,-0.0013364255428314,2,0,0.0081810954725369,0.0449171937070786,5,1.0888900065822018,0.2231226486155086,0.068879586673353,0.2337328124783559,-0.5972502073580596,0.6613114095302789,0.2458198996120711,1.0033742871718172,-0.6089899165041324
08cf4c6a2e1d5475f87430c3,AD2,walnuts,evaluation,52.2276725769043,-0.0051159262657165,0.0006236433982849,-0.0033720731735229,-0.0033720731735229,2,0,0.0081810954725369,0.0435959897004067,5,4.735269646215532,-0.9120954588376684,0.9299310179429144,-0.9997140725476492,-1.7619115566862231,1.8677777868339407,1.486679044764654,4.161771274339214,2.1871658743384033
0d4bb13664a1a94ec2c8b3e7,AD2,walnuts,evaluation,58.77714538574219,-7.37905502319336e-05,-0.0009860694408416,-0.0013831555843353,-0.0013831555843353,3,0,0.0081810954725369,0.0458416431210935,7,7.425368761854,1.2932692913325392,0.1656760641656307,0.205417978780665,-0.6239860099456674,3.8153933703173326,3.400691375954166,6.703373683546666,4.6376835243209245
0ee95d623f6f3c7d9008dd7d,AD2,walnuts,evaluation,41.795440673828125,-0.0031421482563018,-0.0027170181274414,-0.0026953220367431,-0.0026953220367431,3,0,0.0081810954725369,0.0467676413245499,7,0.4503846431460798,-0.0487905634029239,-0.6561389057552848,-0.5896546059614474,-1.3747198442121151,-0.0696349814076837,-0.4621676005330177,0.3463807182353271,-1.2891171018482748
0f88cf0871a9839b27ec9eb2,AD2,walnuts,evaluation,40.896751403808594,-0.0007853209972381,-0.0025690197944641,-0.0051455497741699,-0.0043877959251403,3,0,0.0081985517172142,0.0468558021821081,7,0.0812613135170063,0.9820551045185376,-0.5858726716920409,-2.0743053504061884,-2.343040143287533,-0.996522018444591,-1.1308894148852635,-0.13429535287531316,-1.86717227123652
0fe479a3417dbc12aa23f127,AD2,walnuts,evaluation,41.27040863037109,-6.780028343200684e-05,0.0004185438156127,0.0007827579975128,0.0007827579975128,3,0,0.0081985517172142,0.0470871301367878,7,0.2347354944268524,1.295889356318911,0.8325544124609885,1.5177960743249144,0.6152047992743549,0.8762657843758834,0.4249701468506036,0.3630415524166586,-1.0815887585208128
0fe6855e4bb71f89e0e36de0,AD2,walnuts,evaluation,59.5031852722168,0.0009317100048065,-0.0013630986213684,-0.0008167624473571,0.0009461343288421,3,0,0.0081985517172142,0.053921177983284,7,7.723578909988069,1.7330621897165228,-0.0133287942987466,0.5486089318575881,0.7086778029639383,4.1360939209228285,4.216128356476004,7.006081912175021,4.9477508849602545
1078f9684b1b73ad05b4a324,AD2,walnuts,evaluation,46.91547775268555,-0.0013407468795776,3.5703182220458984e-05,-0.0028115808963775,0.0012412369251251,2,0,0.0081985517172142,0.0446327719837427,5,2.5533641683507065,0.7391190291404202,0.6507904086799916,-0.660098589542246,0.877515760376243,0.9466327894042302,1.7154399643634748,2.2320178925614114,0.440983885523762
123da037e590fadd1c70ab9a,AD2,walnuts,evaluation,47.53715133666992,-0.0019658505916595,-0.0016806423664093,0.002174973487854,0.002174973487854,2,0,0.008206321275793,0.0443057138472795,5,2.808707400898442,0.465706774965606,-0.1640913242914698,2.361372258118046,1.4117373361876873,2.585039829508244,2.1102223685430648,2.7639738866204024,1.2064112977242776
1345ea314cedc7430404dc5b,AD2,walnuts,evaluation,40.29352569580078,-0.0014650821685791,-0.0038050115108489,-0.0015370547771453,-0.0015370547771453,3,0,0.008206321275793,0.0466666179709136,7,-0.1665047267438947,0.6847363867367336,-1.1726933574159462,0.1121668300466881,-0.7120368291818967,-0.0271689483486033,-0.4392707779628957,-0.13863757106483643,-1.671779886026913
1470840409d3be5a9d0ddf22,AD2,walnuts,evaluation,46.08460235595703,0.0001338422298431,-0.0021561682224273,-0.0029610991477966,-0.0018769800662994,3,0,0.008206321275793,0.0462458929978311,7,2.212094384479089,1.3840851757108912,-0.3898601585067576,-0.7506952226170643,-0.9065193319333356,0.7306995809310124,0.6527875262728767,1.9158154237694738,0.14152424585245527
191cced5aef0387a70c5b181,AD2,walnuts,evaluation,48.63462066650391,-5.689263343811035e-05,0.0021888315677642,-0.000860571861267,0.0006874501705169,3,0,0.008206321275793,0.046480359043926,7,3.2594767009317054,1.30066022092096,1.673046673755944,0.5220637752660029,0.5606760386396801,1.8907702380988545,1.9100763697856928,2.985735408365135,1.2429041019875668
1ab447c8d88edb8ad7fc9775,AD2,walnuts,evaluation,44.39013671875,-0.0001685321331024,-0.0009422004222869,-0.0036709010601043,-0.0007172226905822,3,0,0.0081690187798812,0.0469600111246109,7,1.5161176783876549,1.251830552070478,0.1865040739403176,-1.180780933189707,-0.2429837721777468,0.1676683725989739,0.636566953104954,1.2464278172299188,-0.51415047128777
1c0473afa003c850f8398c87,AD2,walnuts,evaluation,42.343841552734375,-0.0032978355884552,-0.0049374401569366,-0.0046473443508148,-0.0031972527503967,3,0,0.0081690187798812,0.0474719889461994,7,0.6756321954941633,-0.1168861827502054,-1.710344658651375,-1.7724309403779368,-1.661891009505797,-0.5483993724418867,-0.4931294070058168,0.43082588190695326,-1.3192107518917644
1cc26a389981230062ba603a,AD2,walnuts,evaluation,51.96922302246094,0.0002014935016632,-0.0022758841514587,-0.0027315318584442,0.000981867313385,2,0,0.0081690187798812,0.0458324467763304,5,4.629115313166456,1.413674964362945,-0.4466985520291198,-0.611594990491227,0.7291218254783145,2.0087601613376145,2.679118569322385,4.105044282800687,2.1703185245367007
1cff42acfcec72e9eb86acec,AD2,walnuts,evaluation,56.62266540527344,0.0003218948841094,0.0004841387271881,1.0251998901367188e-05,1.0251998901367188e-05,3,0,0.0081690187798812,0.046591592952609,7,6.540447966045987,1.4663369670740891,0.8636973808808838,1.049716479759962,0.173228562747961,3.795082222902974,3.356838264396974,5.991374817417385,4.058982233640862
1db12506eb972e1975694f60,AD2,walnuts,evaluation,41.8499641418457,-0.0034074485301971,-0.0024456679821014,-0.001297503709793,-0.0004513561725616,3,0,0.0081668290076777,0.0473734349943697,7,0.4727793514495798,-0.1648294614560441,-0.5273080436638963,0.2573164686066622,-0.0908727422772044,0.365047910028121,0.1909533045861876,0.451233063165288,-1.1153183187542184
1eb3f1f4187f0e870bef05ea,AD2,walnuts,evaluation,43.65549850463867,-0.0017748773097991,-0.0022531449794769,0.0001730620861053,0.0015970170497894,3,0,0.0081668290076777,0.0463638310320675,7,1.2143758943117904,0.5492360109490247,-0.4359025116363982,1.1483669494605264,1.0810693390056203,1.1813714218861584,1.1477226166587051,1.207774999826664,-0.3373444329407356
1eba65ee90e11d42b10138e4,AD2,walnuts,evaluation,51.01448059082031,-0.0024164021015167,-0.0028002262115478,-0.0016639381647109,-0.001623511314392,3,0,0.0081668290076777,0.0472276038490235,7,4.236968976204309,0.2686413895727649,-0.6956442069040115,0.0352851945441887,-0.7615014741478728,2.1361270853742487,1.7377337510282178,3.8168005980382964,1.963859563050677
2090f93f282deea0d8b10f43,AD2,walnuts,evaluation,44.645755767822266,-0.0023164749145507,-0.0036658495664596,-0.0020599663257598,0.0009803473949432,3,0,0.0081668290076777,0.0454092798754572,7,1.6211094232074428,0.3123482447931774,-1.10662243918028,-0.2046776036648452,0.728252229858437,0.7082159097712988,1.1746808265329398,1.438530720520214,-0.2482247447269712
252e4a7b906ddee68c8a1c14,AD2,walnuts,evaluation,44.45922088623047,-0.0004517138004302,-0.0005645751953125,-0.0005627572536468,-0.0005627572536468,2,0,0.0081644159508869,0.0445139757357537,5,1.544492978700842,1.1279705645058018,0.365791921667938,0.7025166662998199,-0.1546089859458769,1.123504822500331,0.6949419963774826,1.4602953474607396,-0.14545133811740185
26e347fad97821cfb6005308,AD2,walnuts,evaluation,49.37582015991211,-0.0035988390445709,-0.0023963451385498,-0.0006453990936279,-0.0006453990936279,2,0,0.0081644159508869,0.0519360662437975,5,3.5639134334635982,-0.2485411895280658,-0.5038906821305358,0.6524420273688908,-0.2018911164149055,2.1081777304162443,1.6810111585243463,3.2727662928541275,1.5191267943821485
298e5fb95d07ca101aeeb178,AD2,walnuts,evaluation,45.538909912109375,0.0006113350391387,0.0020782351493835,0.0027385652065277,0.0027385652065277,2,0,0.0081644159508869,0.0453876387327909,5,1.9879592817843663,1.59293433596781,1.6205380159612002,2.70286576580748,1.734186802217186,2.345412523795923,1.861073042000776,2.0594499301866778,0.5887414583594935
29c2b5e20c54d5e929088309,AD2,walnuts,evaluation,43.87757873535156,-0.0011500716209411,-0.000182032585144,-0.0021549761295318,7.793307304382324e-05,3,0,0.0081644159508869,0.0485678939148783,7,1.3055920653958777,0.8225179136319797,0.5474144308173134,-0.2622462834022423,0.2119511441742733,0.5216728909968177,0.7587716047850755,1.1488082305160656,-0.5202864637876468
2bacd8c57ff506ea176e0d64,AD2,walnuts,evaluation,45.534305572509766,-0.0018710494041442,0.0012673437595367,-0.0014664232730865,0.001222014427185,3,0,0.0081636660033836,0.0484854071401059,7,1.9860681173736527,0.507171584526039,1.2355452727822225,0.1549641233269989,0.8665179334189681,1.0705161203503262,1.4262930253963106,1.8029577179689875,0.1201809931481499
2f89a39d0ecb40e522730c61,AD2,walnuts,evaluation,59.37524032592773,-0.0007792711257934,0.002381294965744,0.0037651360034942,0.0037651360034942,2,0,0.0081636660033836,0.044717120938003,5,7.671027415095507,0.9847012398032806,1.7644239068571177,3.3248892106739723,2.3215219144191908,5.497958312884739,4.996274664757349,7.236413594653354,5.41304610096421
330199b3b5b77226f628ef3e,AD2,walnuts,evaluation,56.15377807617188,-0.0007725656032562,0.0055184662342071,0.0001473426818847,0.0009500980377197,2,0,0.0081636660033836,0.044551720842719,5,6.347859428591778,0.9876341483701142,3.2538812960841472,1.1327829561690042,0.7109455719334229,3.740321192380391,3.5294025002626004,5.8263517813495005,3.914583960056815
34b504a2763493aaad5d6fd7,AD2,walnuts,evaluation,45.64009094238281,-0.0012716054916381,-0.0020568966865539,3.059208393096924e-05,3.059208393096924e-05,3,0,0.0081636660033836,0.0471408697776496,7,2.029517893905127,0.7693605752517703,-0.3427282967136312,1.0620410167489125,0.1848657982492636,1.5457794553270197,1.1071918460771952,1.9327702061895056,0.32244736188071754
35a96dfd23f1587f79417498,AD2,walnuts,evaluation,53.91587448120117,0.0037091970443725,0.007468968629837,0.0007476508617401,0.0007476508617401,2,0,0.0082259718328714,0.0444646971300244,5,5.428673616629757,2.9478989883973408,4.1799353611206325,1.496523833192338,0.5951188455446341,3.4625987249110475,3.011896231087196,5.035458638286015,3.219403632894415
365258891adad809dd0a5a79,AD2,walnuts,evaluation,57.94181060791016,0.0008069276809692,-0.002810001373291,0.0005410611629486,0.0019957721233367,3,0,0.0082259718328714,0.0465109851211309,7,7.0822673531305815,1.6784840200750475,-0.7002852308211972,1.3713462648298422,1.3092103075146728,4.226806808980212,4.195738830322627,6.5111752443005075,4.567008372627479
37ac9d7f19a43157f2335443,AD2,walnuts,evaluation,56.20191192626953,0.0008383393287658,0.0062880218029022,0.0012131929397583,0.0034670531749725,2,0,0.0082259718328714,0.0446541481651365,5,6.367629695811646,1.6922230673170142,3.619248733857221,1.7786067523196527,2.150978867556145,4.073118224065649,4.259304281683896,5.908727401462446,4.0493401811338
3d2a8eb6ed511aa316236acc,AD2,walnuts,evaluation,63.33143615722656,-0.0013057887554168,0.0006534457206726,0.0001552999019622,0.0005410313606262,2,0,0.0082259718328714,0.0446123597212135,5,9.295976356437542,0.7544092591355123,0.9440804811050658,1.1376044233866591,0.4769049939248089,5.2167903899121,4.886440675181175,8.480139163132455,6.358955160752906
3fd85b86376fee52dc2d1116,AD2,walnuts,evaluation,40.73310852050781,-0.0003775656223297,-0.0051172971725463,-0.0033734142780303,-0.0013228058815002,3,0,0.008163733757101,0.0467589991167187,7,0.0140474188270502,1.1604020156803876,-1.7957366688349587,-1.0005266793820855,-0.5894579485681763,-0.4932396302775177,-0.287705264870563,-0.08740999099386337,-1.726073271968822
40cdb305a07a7200627f21a1,AD2,walnuts,evaluation,56.890281677246094,0.0012384951114654,0.00604248046875,0.0024523437023162,0.0024523437023162,2,0,0.008163733757101,0.0455485079437494,5,6.650367392781013,1.8672460154364527,3.502671306864255,2.529437409409123,1.5704300113680874,4.589902401095069,4.110398702074551,6.238274394443824,4.421297892009676
410740f9019b868328da79e9,AD2,walnuts,evaluation,48.5286865234375,-0.0017081797122955,-0.0027338713407516,-0.0008158385753631,0.0030012726783752,3,0,0.008163733757101,0.0469572548754513,7,3.215965818010821,0.5784086748271289,-0.6641404271734814,0.5491687276768664,1.884490437299944,1.882567272843844,2.5502281276553824,2.9492861089774256,1.2118089210283103
4275f8f40ee29787110b8d4f,AD2,walnuts,evaluation,43.24811935424805,-0.00297412276268,-0.0007824599742889,-0.0032559037208557,-0.0028855204582214,3,0,0.008163733757101,0.0463709766045212,7,1.0470509318023542,0.0247016077073312,0.2623451964894491,-0.9293242627558131,-1.4835386529583614,0.0588633345232704,-0.2182438605780036,0.8494134123465376,-0.8568387013724643
4554de854fb8622093cefee2,AD2,walnuts,evaluation,41.5975227355957,-0.0012094676494598,-0.0023875534534454,-0.0024562180042266,0.0026724338531494,3,0,0.0081823129439726,0.0473197060637176,7,0.3690927764343685,0.7965388613044276,-0.499716590497701,-0.4447758363462853,1.6963508673052583,-0.0378415299559584,1.0327218218698135,0.28770591515630317,-1.3299400785169935
49443f964952008d48a6e40b,AD2,walnuts,evaluation,46.39353561401367,-0.0039285719394683,-0.002665102481842,0.0028333067893981,0.0028333067893981,2,0,0.0081823129439726,0.0444263578392565,5,2.338984152334609,-0.3927620801211597,-0.6314905409268171,2.7602719241779896,1.7883915958562202,2.5496280382562992,2.0636878740954145,2.381112929518947,0.8902030783262483
4bddf4a4d1463709484ab691,AD2,walnuts,evaluation,41.33807373046875,-0.0077700614929199,-0.0005018413066864,-0.0042914152145385,0.000101238489151,2,0,0.0081823129439726,0.0457068430259823,5,0.2625279337948985,-2.0729797750379357,0.3955765416242667,-1.5567650865185476,0.2252849436790625,-0.6471185763618246,0.2439064387369805,0.08059863176355389,-1.62207553238698
4c6a0683f13d374b6010ec61,AD2,walnuts,evaluation,42.58373641967773,-0.0022809207439422,-0.0011967122554779,-0.0024063885211944,-0.0024063885211944,3,0,0.0081823129439726,0.0467329728417098,7,0.7741654650024683,0.327899177771988,0.0656676585355446,-0.4145829779645639,-1.209411421962843,0.1797912435189521,-0.2176229784801873,0.6552906207057652,-0.9886698091149388
4d1cfccd7bc02a1e39a417e7,AD2,walnuts,evaluation,57.811973571777344,0.0004312098026275,-0.0021240711212158,-0.0023874044418334,0.0017848312854766,3,0,0.0081818765029311,0.045656532049179,7,7.028938710311165,1.5141498942880685,-0.3746211866811205,-0.403080076774877,1.1885240761912743,3.312929316768144,4.10873139325122,6.285736831602561,4.197581667969544
4d543e8699ebfe947211df0e,AD2,walnuts,evaluation,64.3738021850586,-0.0023490786552429,0.0034740269184112,0.0009933710098266,0.0009933710098266,2,0,0.0081818765029311,0.04440922383219,5,9.724112789931656,0.2980877915837736,2.283228123160561,1.645411463190719,0.7357034707581721,5.684762126561187,5.229908130344914,8.916242657257563,6.806881028124142
50538760d75c29222a20abae,AD2,walnuts,evaluation,45.918243408203125,0.0021620094776153,0.0010810494422912,-0.0011047720909118,-0.0011047720909118,3,0,0.0081818765029311,0.0463657709769904,7,2.143764906474777,2.271179218409952,1.1470969785556142,0.374097099679983,-0.4647136043520158,1.25893100307738,0.8395256510613807,1.9667981257952976,0.29104867057193506
5347d3fb0db6916fd74c9242,AD2,walnuts,evaluation,41.65989303588867,-0.0031032562255859,-0.002629816532135,-0.0008793771266937,0.0025014877319335,3,0,0.0081818765029311,0.0470975218340754,7,0.3947104550716192,-0.0317796937152894,-0.6147375765428298,0.5106692216542408,1.598546936410795,0.45268983836293,0.996628695741207,0.4063063317298814,-1.133588310576155
57861731fefb57fe765c66cf,AD2,walnuts,evaluation,42.98445129394531,-0.0030851662158966,-0.0058621019124984,-0.0008454322814941,-0.0008454322814941,3,0,0.0081464727409183,0.0458611049689352,7,0.938753174632438,-0.0238673581594319,-2.1493529774518656,0.5312372035303058,-0.3163367203485946,0.7349951890813718,0.3112082271419216,0.8980015775222249,-0.678899621229585
58fea438cb79a8d98e19c50b,AD2,walnuts,evaluation,41.90800476074219,0.0003337264060974,-0.0026697367429733,-0.0004819929599761,-0.0004819929599761,3,0,0.0081464727409183,0.0468642399646341,7,0.496618677471951,1.471511921300902,-0.6336907824485316,0.7514536556625382,-0.1084010618308147,0.6240361665672446,0.1941088078205681,0.5221021752910097,-1.004991471314173
5a6a32c68432347dbbb6d5f4,AD2,walnuts,evaluation,54.04963684082031,0.0023045241832733,0.0071010887622833,0.0040879249572753,0.0040879249572753,3,0,0.0081464727409183,0.0467692362144589,7,5.483614528031298,2.333513301817054,4.005274387847035,3.5204746467579584,2.506200152828873,4.502044587394629,3.994907340430085,5.287300539903963,3.635900810952361
616747c875233c4bd9a80ec9,AD2,walnuts,evaluation,43.97932434082031,-0.002030998468399,-0.0042803883552551,-0.002829223871231,-0.0003414750099182,3,0,0.0081464727409183,0.0463177119381725,7,1.3473825684302967,0.43721193884517,-1.398391444315423,-0.6707888838974966,-0.0280060942284094,0.3382968422664,0.6596882371009436,1.1455654231975174,-0.5605291130722247
618b2f5d58907fc78cbf8e80,AD2,walnuts,evaluation,65.14505767822266,-0.0030641257762908,0.0016312003135681,0.0005652010440826,0.0005652010440826,1,0,0.0081446639960631,0.0424556592479348,3,10.040894579954855,-0.0146645428341676,1.408296068528929,1.3859731878496953,0.4907332693703128,5.713433883902276,5.265813924662585,9.175402440744339,7.021888019782873
62b6eb8dc9b3636f2602b70d,AD2,walnuts,evaluation,42.41189193725586,-0.0076406002044677,-0.00336155295372,-0.004092127084732,-0.0022046566009521,2,0,0.0081446639960631,0.0453998688608408,5,0.7035828847424762,-2.016355086974269,-0.9621493455631333,-1.4360117109213162,-1.093993917042232,-0.36621441308942,-0.1952055161498778,0.4896234251760969,-1.2343836726612034
62cff56df6b5260fc8049978,AD2,walnuts,evaluation,53.62009811401367,-0.001757800579071,-0.0001371502876281,-0.0037054121494293,-8.055567741394043e-05,3,0,0.0081446639960631,0.0465153567492961,7,5.307187847160773,0.5567051514325608,0.5687235223395135,-1.2016920157292008,0.121274487183904,2.0527479157157864,2.714231167172339,4.656299860871776,2.62416919158571
62eb1fd1071c6f205805e6c3,AD2,walnuts,evaluation,44.682861328125,-0.0022258460521698,-0.0006578564643859,-0.0029516816139221,-0.0020273923873901,3,0,0.0081446639960631,0.0468760821968317,7,1.636349983458485,0.3519881334675808,0.3215041019704041,-0.7449889168463562,-0.9925751965121988,0.4456805333060644,0.3218873934731431,1.3982160934280008,-0.334624053706595
63347430e8d03494af3fb95f,AD2,walnuts,evaluation,43.34563827514648,-0.0002138316631317,-0.0005324184894561,-0.002647191286087,-0.000374287366867,3,0,0.0081612127833068,0.0473516788333654,7,1.0871053866453315,1.232017125307869,0.3810591924198994,-0.560491049570012,-0.0467791290810602,0.2633071685376598,0.5201631287821357,0.9223457430237971,-0.7560386512223083
636e579f572106edb7927b9d,AD2,walnuts,evaluation,39.46433639526367,-0.0032744109630584,-0.0021002292633056,-0.0011483430862426,-0.0011483430862426,3,0,0.0081612127833068,0.0459678270854055,7,-0.5070819715355327,-0.1066405554900669,-0.3633016161513994,0.3476964065256309,-0.489642012121839,-0.0796927825049509,-0.4983619918286858,-0.42160413372941635,-1.9108913763200408
65e651c27e4e372573ce778c,AD2,walnuts,evaluation,60.86116027832031,0.0008724331855773,-0.0030678212642669,0.0016091763973236,0.0016091763973236,2,0,0.0081612127833068,0.0444459482096135,5,8.281347064708662,1.7071352779857143,-0.822692236636969,2.0185424636342053,1.0880261039646408,5.149944764171433,4.684686584336651,7.655066604601216,5.679463079007565
66756fc5b2f6730dfeee6c65,AD2,walnuts,evaluation,48.96506881713867,-0.0006290078163146,-0.0042568445205688,-0.0036776214838027,-0.0025086402893066,2,0,0.0081612127833068,0.0447996510192751,5,3.395203392794204,1.0504244619987235,-1.3872133684173236,-1.1848529963267156,-1.2679130410177428,1.105175198233744,1.0636451758882304,2.9371977538821117,1.0425456282033654
6dc52a97c5eab8a3ff816874,AD2,walnuts,evaluation,51.932159423828125,-0.0029085278511047,0.0005329847335815,-0.0017514824867248,-0.0017514824867248,2,0,0.0081983464770019,0.0444822669960558,5,4.613891988050889,0.053391971065556,0.8868883510036499,-0.0177599738148462,-0.8347180151626614,2.298066007118021,1.8895869864441135,4.150726791864316,2.2665422285529533
6fa8dc68cafa839ce9cc4258,AD2,walnuts,evaluation,42.106929779052734,-0.0070767700672149,-0.0025025606155395,-0.0025992095470428,0.0020864605903625,2,0,0.0081983464770019,0.0447460822761058,5,0.5783241874350528,-1.7697430995257208,-0.5543193688404433,-0.5314177828268472,1.3610961795007004,0.0234532023041028,0.9697101834678764,0.4673499904088627,-1.1724030247389758
6ff3241a4ec914b068129507,AD2,walnuts,evaluation,64.85707092285156,-0.0012028813362121,0.0011685788631439,0.001116394996643,0.001116394996643,1,0,0.0081983464770019,0.0430146418511867,3,9.92260827836216,0.7994196292745174,1.188653951862853,1.7199545968030072,0.8060895632847318,5.821281437582583,5.364348920823446,9.102342910206245,6.985062689882718
717cff786b255e64c5443208,AD2,walnuts,evaluation,43.50991821289063,-5.504488945007324e-05,-0.000808835029602,0.0006613433361053,0.0006613433361053,3,0,0.0081983464770019,0.047420690767467,7,1.154580942028402,1.3014684001704873,0.2498229215909451,1.4442280689139495,0.5457394550511949,1.299404505471176,0.8501601985397985,1.1835456547169565,-0.3326772730023202
73f5f1cc8320ff14bdd91769,AD2,walnuts,evaluation,42.62524032592773,-0.0031604766845703,-0.0033603012561798,-0.0033303201198577,-0.0007539093494415,3,0,0.008167493273504,0.0464611193165183,7,0.7912125808173482,-0.0568071801522689,-0.9615550681103228,-0.9744149131021996,-0.26397342331636,-0.0916011661424257,0.2636195787504941,0.6146498314253935,-1.0771496345806697
74fd03617cec0a81cfec2290,AD2,walnuts,evaluation,40.44792938232422,-0.0022153258323669,-0.0004038512706756,0.0001434087753295,0.0001434087753295,3,0,0.008167493273504,0.0453614918515086,7,-0.1030856955193467,0.3565895411302129,0.4420999765014206,1.1303993094546576,0.2494119594070377,0.5136568069676555,0.0731631319438455,0.020262804978053744,-1.4325892126128896
77126afb45e699a5eae8ae15,AD2,walnuts,evaluation,40.84724807739258,-0.0016434788703918,-0.0065520107746124,-0.0016185641288757,-0.0012060105800628,3,0,0.008167493273504,0.0465938607230782,7,0.0609285541484679,0.606707983709776,-2.4769059749240894,0.0627783924426163,-0.5226354929936639,0.0618534732955421,-0.2308534694225979,0.06111353797788274,-1.4923285560778132
7b771ce9d28617d8ac1d5fd6,AD2,walnuts,evaluation,56.60042953491211,0.0012756884098052,-0.0003119707107543,0.0024847984313964,0.0024847984313964,1,0,0.008167493273504,0.0425578569993376,3,6.531314911074945,1.8835138816204895,0.4857227714303333,2.549102494802481,1.588998435486649,4.540208702938713,4.060156673280797,6.133093669447699,4.326227955776178
7d226ea8e2f998683299672a,AD2,walnuts,evaluation,42.02218627929688,-0.0062398314476013,-0.0001471042633056,-9.903311729431152e-05,-9.903311729431152e-05,2,0,0.0081542497500777,0.0445671919733285,5,0.5435170479288433,-1.403677004937339,0.5639976016433549,0.983498051718232,0.1107029325893141,0.7635075498235376,0.3271099902590787,0.5875151483077822,-0.9235903636486182
7ea09767b6b1e1ff7f7663c6,AD2,walnuts,evaluation,41.29972457885742,0.0001922249794006,-0.0072117447853088,-0.0051394253969192,0.0010117888450622,3,0,0.0081542497500777,0.0469573601149022,7,0.2467765868016091,1.4096210329661216,-2.790132640944635,-2.070594445862263,0.7462409235637472,-0.9119089295303268,0.4965087551826781,0.015039483535221887,-1.729308107310091
7fdc601e6b5c2e7d2bfed9bf,AD2,walnuts,evaluation,43.79869842529297,-0.0004694759845733,0.0001974999904632,0.000996708869934,0.000996708869934,3,0,0.0081542497500777,0.0460102749057114,7,1.2731931443646194,1.1202016155909895,0.7276078441873115,1.647433951311983,0.7376131709430013,1.4603135478383011,1.0054031576538105,1.3106172250593557,-0.19712327300706445
81ed98485aa75b9677e49aa5,AD2,walnuts,evaluation,56.01725769042969,0.0002149045467376,0.0029744803905487,0.0011318922042846,0.00183966755867,2,0,0.0081542497500777,0.0446406491100788,5,6.291785698740406,1.419540781496612,2.046054821636579,1.7293447202231598,1.219897722084896,4.010565209481783,3.7558417104126502,5.835541600888681,3.9774493994874542
83e48b88ec002cc0245abb31,AD2,walnuts,evaluation,56.62776184082031,0.0002682507038116,0.0048562884330749,0.00117689371109,0.00117689371109,2,0,0.0081741072935983,0.044616132043302,5,6.542541251590902,1.4428736985394208,2.939494374084305,1.7566121940009105,0.8407028791347599,4.149576722795906,3.691622065362831,6.063948345831903,4.1902808306341335
8691b837a5afe0a3f7f57a02,AD2,walnuts,evaluation,44.37568283081055,-0.0028510391712188,-0.004825472831726,-0.0037591159343719,-0.0017431378364562,3,0,0.0081741072935983,0.0469371499493718,7,1.510180957631903,0.0785367738452088,-1.6571851255511725,-1.2342324049659603,-0.8299437647005886,0.1379742763329713,0.3401185964656572,1.2357396213721166,-0.5288678740604174
88edaa4faae036ed1eb0ddd1,AD2,walnuts,evaluation,55.56854248046875,-0.002247929573059,-0.0019643306732177,0.0015953481197357,0.0015953481197357,2,0,0.0081741072935983,0.0438582939095795,5,6.107482560957989,0.342329087920809,-0.298780064131989,2.010163584274685,1.0801144889132055,4.058823072616336,3.5937985249355973,5.697750663289658,3.8761634260335978
8d8c7ec9e06ee802668af138,AD2,walnuts,evaluation,38.82938766479492,-0.005364716053009,-0.0034016966819763,-0.0049288272857666,-0.0019234716892242,3,0,0.0081741072935983,0.0468313149176538,7,-0.7678777742152336,-1.0209128842417852,-0.9812086724425512,-1.9429880859612851,-0.9331187273648844,-1.3554329300882595,-0.8504982507900589,-0.8853888053898389,-2.5468956182523925
8e259a248d6abc091918806a,AD2,walnuts,evaluation,48.3571891784668,-0.0001882910728454,0.0016436576843261,-0.0024077594280242,-0.0024050772190093,3,0,0.0081786842783913,0.0469269468449056,7,3.145525819326119,1.2431882481602086,1.4142105441307082,-0.4154136427286544,-1.2086611826045173,1.3650560882987324,0.9684323183608008,2.789431873120642,0.9766323380828589
8ffe5091369e636fc7ba914e,AD2,walnuts,evaluation,59.95888519287109,2.786517143249512e-05,-0.0032804906368255,0.000969111919403,0.000969111919403,2,0,0.0081786842783913,0.0440749991685152,5,7.910750914411759,1.3377321852057356,-0.9236628057620814,1.6307123084522492,0.721824042629146,4.770731611432004,4.316287478520453,7.282747053815808,5.301218323294137
920a8045bf55932e2b4e63a8,AD2,walnuts,evaluation,55.45942306518555,0.0007484555244445,0.0044736862182617,0.001980721950531,0.0020667016506195,2,0,0.0081786842783913,0.0457760742865502,5,6.062663374571533,1.6529090573722591,2.7578435660086056,2.243670672632364,1.349791436442292,4.153167023601949,3.706227405506912,5.680764104377616,3.881814369103301
9791e068203166e694e4c3b9,AD2,walnuts,evaluation,39.92368698120117,-0.0024445354938507,0.0024872720241546,-0.0014815628528594,-0.0011995732784271,3,0,0.0081786842783913,0.0452490327879786,7,-0.318410510325552,0.25633620874125,1.814739397861728,0.145790695062696,-0.5189524997800649,-0.0863099076314279,-0.4186815050528084,-0.27199038978672724,-1.7915211819622132
98e95834b7044fb43133ce3b,AD2,walnuts,evaluation,42.07333755493164,-0.0088157057762146,-0.0007634758949279,-0.0059517920017242,-0.0022302865982055,2,0,0.008157025789842,0.0447297939099371,5,0.5645266780723843,-2.5303310193753625,0.2713584045237396,-2.5628265213396277,-1.1086576863185984,-0.9991499216336216,-0.272065504123107,0.2517913581311831,-1.5561662487580747
9cd3bb7f15fe03aade59fed8,AD2,walnuts,evaluation,49.879173278808594,-0.004277616739273,-0.0024264752864837,-0.0017650127410888,-0.0017650127410888,3,0,0.008157025789842,0.0470266314223408,7,3.770658284464447,-0.5454297473867341,-0.5181957893874708,-0.0259582738778256,-0.8424591212690224,1.8723500052933104,1.4640995815977125,3.39099662863022,1.5661422832850602
9da765e53dc67c51a65edcc1,AD2,walnuts,evaluation,42.793453216552734,-0.0029030740261077,-0.0031509101390838,-0.0025330483913421,0.0005057752132415,3,0,0.008157025789842,0.0458784722723066,7,0.8603035384435384,0.0557774033665806,-0.8621409399330471,-0.4913291789946573,0.4567337857225512,0.1844871797244405,0.6585186620830448,0.7251402666997188,-0.9313424505406611
9e1fb667b2d43bba2b82e9dd,AD2,walnuts,evaluation,64.20075988769531,-0.0030718147754669,0.0016965568065643,-0.0006899237632751,-0.0006899237632751,1,0,0.008157025789842,0.0428457162342965,3,9.653038224895388,-0.0180276113241367,1.439325841243527,0.6254634804656062,-0.2273651528089656,5.139250852680497,4.712836536043211,8.75028075045241,6.561030792684068
9e6667f4ce4f3a3f789491df,AD2,walnuts,evaluation,41.83708953857422,-0.0061771869659423,-0.0050556063652038,-0.0045268535614013,0.0014130771160125,3,0,0.008166903280653,0.0465037021785974,7,0.467491298519872,-1.376277121348521,-1.7664472800893054,-1.6994227307862506,0.9758312181059288,-0.6159657161331893,0.7216612583129005,0.2507998955892597,-1.478342819086646
9f9faa8e9278c9cbc589a304,AD2,walnuts,evaluation,41.01889419555664,-0.0018354654312133,-0.0021815001964569,-0.0042113661766052,0.0020746886730194,3,0,0.008166903280653,0.0462569156661629,7,0.1314296592225801,0.5227355526540356,-0.4018872021945863,-1.5082614874675286,1.354361076170276,-0.6884159141224743,0.742895367696428,-0.03253945544643079,-1.7218437053735545
a2ee9b421724428088cf4e21,AD2,walnuts,evaluation,59.3498649597168,0.0009622573852539,-0.0012235343456268,-0.0007302463054656,0.00208181142807,3,0,0.008166903280653,0.045707865152508,7,7.660604858624865,1.7464232176320975,0.0529331416896083,0.6010311016435553,1.3584362399575454,4.13081798013421,4.509520549291205,6.954647482926734,4.905164322519081
a498b58324ca344eeba9f2a0,AD2,walnuts,evaluation,58.66084671020508,-0.0016909837722778,-0.0043873190879821,0.0007138848304748,0.0007138848304748,2,0,0.008166903280653,0.0448871520347893,5,7.377600800470889,0.5859299559074086,-1.4491597181412224,1.4760641988941978,0.5758001820677465,4.426832499682543,3.976700491269318,6.78744714031322,4.830982829906668
a68829239d7dff7df5a355dc,AD2,walnuts,evaluation,46.93230438232422,-0.0019116699695587,-0.0022050291299819,-0.000840812921524,-0.000840812921524,2,0,0.0081743824994191,0.0449151596985757,5,2.5602754576760223,0.4894046761856208,-0.4130582033611048,0.5340361826266974,-0.3136938316999472,1.5471558201513598,1.1232908129880377,2.35765153017109,0.6655795631775642
aa9058c5f87e170a5033cf0f,AD2,walnuts,evaluation,53.406192779541016,-0.00357386469841,0.0007755756378173,-0.0030096769332885,-0.0025911033153533,2,0,0.0081743824994191,0.0444087353534996,5,5.219329393833238,-0.2376177345102592,1.0020649811435622,-0.7801296479533119,-1.315092866119727,2.219599872939963,1.952118263856756,4.619383489654584,2.6286156780782166
ab320f13109590a4b005d740,AD2,walnuts,evaluation,44.46333694458008,-0.0019470155239105,-0.0038567036390304,-0.003304973244667,-0.0011738538742065,3,0,0.0081743824994191,0.0481519247405231,7,1.5461835888078508,0.4739449892511117,-1.1972356012706975,-0.959056643931354,-0.504237577820176,0.2935634724382484,0.5209730054938374,1.2956595655339305,-0.44859213426171785
aefc01a945702f096ecdb0b5,AD2,walnuts,evaluation,45.36928939819336,-0.000349998474121,1.3709068298339844e-06,0.000768095254898,0.000768095254898,3,0,0.0081743824994191,0.0473502171225845,7,1.918290163704528,1.17245952867737,0.6344902271171932,1.5089115729350775,0.6068157591767126,1.713600868319803,1.2625529614406203,1.8773523046275828,0.3121633125041101
af2a59935e08f2d2539d3a9e,AD2,walnuts,evaluation,47.35901641845703,-0.0029843747615814,0.0001157522201538,0.00291708111763,0.00291708111763,2,0,0.0081659647403284,0.0446522692218422,5,2.7355411171477573,0.0202175163873724,0.6887958667335302,2.811032764435776,1.83632166031653,2.773286940791767,2.2859313887321435,2.7430902818765595,1.2281850706431536
b05ac42de6cb25d817b502d3,AD2,walnuts,evaluation,54.44644165039063,0.0020056664943695,0.0066962838172912,0.0037187039852142,0.0037187039852142,2,0,0.0081659647403284,0.0453764470294117,5,5.646596236401134,2.20279682578058,3.813082229715533,3.2967549562728227,2.2949566207766567,4.471675596336978,3.9707764285888953,5.411612108388303,3.729980387202156
b0fa95493d0c9ac6d0aa6553,AD2,walnuts,evaluation,42.178253173828125,-0.004245102405548,-0.0025559365749359,-0.0042470693588256,0.0002658069133758,3,0,0.0081659647403284,0.0476516387425363,7,0.6076192172503847,-0.5312083996248881,-0.5796610573638565,-1.529894887193188,0.319439983148942,-0.4611378349714016,0.4635296001996634,0.3938678068060274,-1.3311286404439233
b26e54f1d57585abd53830bc,AD2,walnuts,evaluation,43.33611679077149,-0.0010168850421905,-0.003705471754074,-0.0022157728672027,0.0033090412616729,3,0,0.0081659647403284,0.0456423694267869,7,1.0831945777230945,0.8807719953438864,-1.1254341504543603,-0.2990844598966871,2.0605750248778945,0.3920550589132037,1.5718848013004945,0.9449666739611163,-0.7113680517180114
b287368b71ca9313ee9fdbbc,AD2,walnuts,evaluation,58.85552215576172,-0.000670313835144,-0.002434492111206,5.4895877838134766e-05,5.4895877838134766e-05,2,0,0.0081909358268603,0.0444320463575422,5,7.457560861259563,1.032357745227029,-0.5220019949780895,1.076767258381863,0.1987708027200508,4.267164059820713,3.828165831989807,6.8194815009717935,4.824070845757206
b2ba7a0193cec5ed3b8b0f11,AD2,walnuts,evaluation,54.58781814575195,4.32431697845459e-05,0.0066916942596435,0.00211763381958,0.00211763381958,3,0,0.0081909358268603,0.0465314518660306,7,5.704664541476067,1.3444583221856738,3.8109032123885616,2.3266288014634813,1.378931415155444,4.015646671469774,3.5417979783157554,5.366860967474809,3.6002992360719444
b4de99a5d1285f24643e5c79,AD2,walnuts,evaluation,39.2291259765625,-0.0008834600448608,0.0001967847347259,-0.0030892789363861,0.0004062354564666,3,0,0.0081909358268603,0.0457902317866683,7,-0.603691173192673,0.9391303582492806,0.72726825707142,-0.8283623780595187,0.399783798067825,-0.7160267756260958,-0.1019536875624239,-0.6261582936793575,-2.2065183033582034
b5c078dd21a759cea468ae37,AD2,walnuts,evaluation,52.23817443847656,-0.000458151102066,-0.0035753399133682,-0.0043810904026031,0.0004091262817382,2,0,0.0081909358268603,0.0463693640194833,5,4.739583130575675,1.1251549722816416,-1.0636505195568262,-1.6111013968478538,0.4014377348350431,1.5642408668639107,2.570510432705359,4.104514677833323,2.0786826873386874
b631efa24f0ecaba7b2d6465,AD2,walnuts,evaluation,57.71036529541016,-0.0001188218593597,-0.0002073943614959,0.001980036497116,0.001980036497116,2,0,0.0081655768444761,0.0434030047617852,5,6.987204613174662,1.273573180912604,0.5353732376663226,2.2432553402503186,1.300207435214764,4.615229976712491,4.143706024194714,6.512809685882228,4.648025679008343
ba5c7389415a278995082d13,AD2,walnuts,evaluation,52.25757598876953,-0.0017644762992858,0.0017033517360687,-0.0007283985614776,-0.0007283985614776,2,0,0.0081655768444761,0.0444280724041163,5,4.747552030486932,0.5537852780149132,1.4425519188444975,0.602150693282112,-0.2493778576180229,2.6748513618845218,2.2490870864344545,4.3330118967664495,2.4909442055043822
bbb3e36f117a51e330679167,AD2,walnuts,evaluation,44.87180709838867,-0.0015112161636352,-0.0055513232946395,-0.0033822953701019,0.0002275705337524,3,0,0.0081655768444761,0.0443257852457463,7,1.7139566648396265,0.664557975796919,-2.0018023755969505,-1.0059079424190192,0.2975636854959439,0.3540243612103037,1.0057601751677852,1.4419702041137619,-0.3181239463109615
bce3b310232f38c0945eecdf,AD2,walnuts,evaluation,40.89522171020508,-0.0002990663051605,-0.0042099952697753,-0.0024052262306213,-0.0001724958419799,3,0,0.0081655768444761,0.0549041181802749,7,0.0806330144874321,1.1947365986361187,-1.3649704123264217,-0.4138787187080525,0.0686724776285657,-0.1666228521103102,0.0746527460579989,0.03118184116788364,-1.563361169255983
bd135bcaddf20c77cdd85ee6,AD2,walnuts,evaluation,40.37406921386719,-0.0046066343784332,-0.0023722350597381,-0.0030916929244995,-0.0018953680992126,3,0,0.0081653710221871,0.0476968521252274,7,-0.1334226676156432,-0.6893377943993658,-0.4924437664323552,-0.829825070361504,-0.9170397338444032,-0.4816238689885736,-0.5252312007300233,-0.2030629078902293,-1.8170137889046902
be5d1a483b12748d3d23f3b9,AD2,walnuts,evaluation,41.21809005737305,-0.0039006173610687,-0.0026884078979492,-0.0056631863117218,-0.0041829943656921,3,0,0.0081653710221871,0.0463387751951813,7,0.2132464141510179,-0.3805351101847604,-0.6425554211196195,-2.3879535305689394,-2.2258663962326595,-1.0873535582089608,-1.0063099910408209,-0.04687358032097785,-1.8152661842261497
be64f8131592a806275a1de1,AD2,walnuts,evaluation,42.92325592041016,-0.0008229315280914,0.0001860558986663,0.0021394193172454,0.0021394193172454,3,0,0.0081653710221871,0.0473857056349515,7,0.913618079788476,0.965604746245898,0.7221744503330454,2.339829148040657,1.3913956190403556,1.6267236139145664,1.152506849414416,1.056239186613694,-0.3682439553753978
be9e84069f0538c1113cb0eb,AD2,walnuts,evaluation,46.609825134277344,-0.0005802810192108,-0.004697561264038,-0.0035871714353561,-0.0035871714353561,2,0,0.0081653710221871,0.0451422091573476,5,2.427821874723201,1.0717369309177138,-1.5964556296592185,-1.130047179826402,-1.8849763877934045,0.6488873474483996,0.2714227434648983,2.072034969268241,0.250795991419021
c043f03bce0d90ead0ccf9e6,AD2,walnuts,evaluation,58.03194046020508,0.0004020631313323,0.0015017986297607,-0.0002477765083312,0.0023955702781677,3,0,0.0081725579220801,0.0466616349294781,7,7.119286857299531,1.5014015183842322,1.3468590994788676,0.8933709248144213,1.5379480573314843,4.006328891056976,4.328617457315508,6.49669526405102,4.510085373696419
c0719988d416d6c2724b2d80,AD2,walnuts,evaluation,41.85581970214844,-0.0036231875419616,-0.0028475522994995,0.0002074837684631,0.0002074837684631,3,0,0.0081725579220801,0.0472173350863158,7,0.4751844362635357,-0.259190906412968,-0.718113554405508,1.1692238582110577,0.2860713825979543,0.8222041472372967,0.380627909430745,0.5445883784582879,-0.9461856591604327
c18028993c393e0c876cae5e,AD2,walnuts,evaluation,39.613746643066406,-0.0042413473129272,-0.0025393366813659,-0.0042736530303955,-0.0015158057212829,3,0,0.0081725579220801,0.04711555223912,7,-0.4457139214324623,-0.5295659708274613,-0.5717798063825381,-1.5460025604446803,-0.6998795413981184,-0.9958582409385714,-0.5727967314152904,-0.555742785333684,-2.2071149543293775
c5524495add95a67cecdbe5a,AD2,walnuts,evaluation,43.385719299316406,-0.00214684009552,-0.0019796788692474,-0.0040391683578491,0.0026914775371551,3,0,0.0081725579220801,0.0447176131419837,7,1.1035680746845726,0.3865443139594726,-0.306067037660497,-1.40392276992591,1.7072463888954892,-0.1501773476206687,1.405407231790031,0.8528189902235244,-0.8969825501609701
c5e17494d77b59b494c8eef2,AD2,walnuts,evaluation,41.87324905395508,-0.0013200044631958,0.0007533729076385,0.0002391338348388,0.0002391338348388,3,0,0.0081685490440577,0.0467390352860093,7,0.4823432848074867,0.7481914929738251,0.9915236310877596,1.188401379503754,0.3041794325648163,0.8353723321556203,0.3932613586861515,0.5529490942771135,-0.9367372328895529
c77e96a596d4ab98d8be1eaa,AD2,walnuts,evaluation,65.5119400024414,-0.0008561611175537,0.002457708120346,0.0022646188735961,0.0022646188735961,1,0,0.0081685490440577,0.0428226278163492,3,10.191586069900804,0.9510705549035896,1.800703130404874,2.4156905105176976,1.4630264268659556,6.303638290209251,5.82730624838338,9.413996513962493,7.335517720924413
c97c07bb1b71722f649ecc10,AD2,walnuts,evaluation,58.353294372558594,0.001839131116867,-0.0036728382110595,-0.0011911690235137,0.003302127122879,3,0,0.0081685490440577,0.0466333432123065,7,7.251278225255533,2.129956412129621,-1.1099404882918047,0.3217471616126323,2.056619217352177,3.7865126934340823,4.653948721303856,6.558325118891243,4.514713513535886
ca13b4ab2da886ac3b651940,AD2,walnuts,evaluation,44.721378326416016,-0.0006845593452453,-0.0001694858074188,-0.0024942457675933,-0.0009532570838928,3,0,0.0081685490440577,0.0477296221069991,7,1.6521702709936728,1.026126943916156,0.5533713548085791,-0.4678177545849675,-0.3780268566763788,0.5921762582043526,0.6370717071586469,1.440171468435809,-0.27071031624267006
cb43486bcd1a0843f5a56eb1,AD2,walnuts,evaluation,41.759159088134766,-0.0047065019607543,-0.0060496926307678,-0.0056371092796325,-0.0047561526298522,3,0,0.0081941013922914,0.0463945530354976,7,0.435482518282539,-0.7330185793214065,-2.238416773326028,-2.372152842121567,-2.5537891993990347,-0.968335161919514,-1.0591533405582478,0.15471898224212838,-1.6281742188918118
cd23b933f830556b5a471c28,AD2,walnuts,evaluation,41.49845886230469,-0.0021967589855194,-0.004854530096054,-0.001810073852539,-0.0006843507289886,3,0,0.0081941013922914,0.0464342809282243,7,0.3284037552398263,0.3647104390730453,-1.6709808521342695,-0.0532618635148847,-0.2241766355360813,0.1375709458624708,0.0521135598518725,0.2902371933643552,-1.2919055858976782
cfbc86df0d2dab303c4a8da4,AD2,walnuts,evaluation,41.75654220581055,-0.0030522346496582,-0.0022334158420562,-0.004737377166748,-0.0027005076408386,3,0,0.0081941013922914,0.0479468591511249,7,0.4344076725611228,-0.0094635183089828,-0.426535567023054,-1.8269839458630923,-1.3776866998564037,-0.6962881366509849,-0.4716395136476403,0.20826851071870126,-1.5291436182207718
cff44691b60b6b999526ec83,AD2,walnuts,evaluation,43.5754280090332,-0.0020070970058441,0.0020064711570739,-0.0035940408706665,-0.0026607513427734,3,0,0.0081941013922914,0.0466025439091026,7,1.181488122165253,0.4476661284922833,1.5864661086667395,-1.134209532611681,-1.3549408065835278,0.0236392947767858,-0.0867263422091375,0.9499183566875595,-0.782965602360278
d044809c4137d715c715d0ff,AD2,walnuts,evaluation,41.01850891113281,-0.0072704851627349,-0.0013148188591003,-0.0013301074504852,0.0007423311471939,2,0,0.0081687000347301,0.0472318739630281,5,0.1312714093423133,-1.8544715692342448,0.0095933360239386,0.2375610935650335,0.5920752608750627,0.1844162514536734,0.361673335108688,0.1419003777645853,-1.401991187232194
d222e39c97cb2de49175a21b,AD2,walnuts,evaluation,43.684852600097656,-0.0017139017581939,0.0011740326881408,-0.0029830336570739,-0.0017479062080383,3,0,0.0081687000347301,0.0463150292634964,7,1.226432654991524,0.575905926183431,1.1912433036215266,-0.763985858842511,-0.8326719078217731,0.2312233980745065,0.1968803735848754,1.0273908036081207,-0.6778576582644549
d28959a30428471104af2003,AD2,walnuts,evaluation,40.851680755615234,0.0001822412014007,3.218650817871094e-05,-0.0018919110298156,-0.0018919110298156,3,0,0.0081687000347301,0.0470920191146433,7,0.062749211186785,1.4052542579888363,0.6491207720268577,-0.102848938345152,-0.9150618300815444,-0.0200498635791835,-0.4261563094473797,0.0461893962335913,-1.5211766022287438
d2d29a78526e2249190e11ad,AD2,walnuts,evaluation,47.81145477294922,0.0010601580142974,0.001089721918106,-0.0013738870620727,8.240342140197754e-05,3,0,0.0081687000347301,0.0458822026848793,7,2.921373481495922,1.7892436827078673,1.1512144723358002,0.2110339949031024,0.2145087783503838,1.5662037381995122,1.5679411299231527,2.65033953283664,0.905666841921084
d540084949399b8564445730,AD2,walnuts,evaluation,41.93250274658203,-0.0069327354431152,0.0007363259792327,-0.0012667179107666,0.0012863278388977,3,0,0.0081610954366624,0.0464875730685889,7,0.5066808629281238,-1.7067442235101369,0.9834301381590088,0.2759703099393884,0.903313763765944,0.3913255864337561,0.7049973133470337,0.4836098076292502,-1.0838007563512404
d7b473f1baf62d6f7bcec85f,AD2,walnuts,evaluation,45.90251541137695,0.001732587814331,0.0003004968166351,-0.0026846230030059,-0.0008616149425506,3,0,0.0081610954366624,0.0460035889409482,7,2.1373048643327963,2.083355753789933,0.7765083888757068,-0.5831718092156113,-0.3255953560661145,0.7770665275585925,0.9058547541333408,1.8652571969779554,0.11024103969214005
de8e12a8a7df5e89cb43507e,AD2,walnuts,evaluation,43.66493225097656,-0.0021454989910125,-0.0033508539199829,-0.0018262565135955,0.0003012120723724,3,0,0.0081610954366624,0.0453264149837195,7,1.2182506661325807,0.3871308956728393,-0.9570696882879208,-0.0630673193170825,0.3396964458237368,0.5775916734077491,0.7789735559781588,1.0901188675876143,-0.5561710445430625
e0777cc0676a2642a346a4ce,AD2,walnuts,evaluation,42.50922775268555,-0.0065545439720153,-0.0004120171070098,-0.0036675930023193,-0.0017556250095367,2,0,0.0081610954366624,0.0451592258177697,5,0.7435621317215643,-1.541328180340726,0.4382230235949911,-1.1787765029980977,-0.8370880894991904,-0.2176071856382667,-0.046762978888813,0.551328268249598,-1.1541002350586025
e4f2be18dfcf47ad3c70c34c,AD2,walnuts,evaluation,43.76840591430664,-0.0033102929592132,-0.0037514865398406,-0.0018338561058044,2.828240394592285e-05,3,0,0.0082063182489946,0.045906544663012,7,1.2607509433824535,-0.1223348751099228,-1.147280921576722,-0.0676720913788881,0.1835443539249398,0.5965394260017828,0.7221476486536968,1.1279086399063194,-0.5217895306527558
e6783c6dd6985c4e19c48f2f,AD2,walnuts,evaluation,46.41231155395508,0.0023038685321807,0.0002995133399963,-0.001670092344284,0.0012993216514587,3,0,0.0082063182489946,0.046123064123094,7,2.346696092044245,2.333226528534964,0.7760414565913558,0.0315562320706089,0.9107479537711716,1.1891261620574272,1.6287220229077084,2.1151821060468814,0.39646138901823424
e7fdeb9bedf7c52e1d249039,AD2,walnuts,evaluation,43.69070816040039,-0.0013582408428192,-0.0045693069696426,-0.0033613294363021,0.0004852712154388,3,0,0.0082063182489946,0.046952623873949,7,1.22883773980548,0.7314673965682811,-1.5355634149409,-0.993204188907332,0.4450027703014579,0.1178167754490739,0.8369202550534689,1.0066335469341987,-0.7178766109354826
eba5c76a35c05bbf216018ea,AD2,walnuts,evaluation,41.56438064575195,-0.0039142966270446,-0.0053271055221557,-0.0052016973495483,-0.004212737083435,3,0,0.0082063182489946,0.046496725641191,7,0.3554801530704275,-0.3865182436611008,-1.8953488894965047,-2.1083264898745875,-2.242883188951048,-0.87642316840208,-0.94370151794031,0.10909948877592598,-1.646127070358625
eed7f22175e9ed8e82b08e4b,AD2,walnuts,evaluation,59.09835433959961,-0.0004912316799163,0.0030281841754913,0.0021089613437652,0.0021089613437652,2,0,0.0081508584553375,0.0449844691902399,5,7.55730059025109,1.110685956685263,2.071552154254776,2.3213739439341263,1.3739696048537895,4.939337267092609,4.46563509755244,7.033707925619394,5.1348562726331455
f2f433247d21e232b167ff28,AD2,walnuts,evaluation,40.636226654052734,-0.0025343596935272,-0.0010967254638671,-0.0023309886455535,0.0004218518733978,3,0,0.0081508584553375,0.0447121108882129,7,-0.0257453753228125,0.2170482690948667,0.1131391074445626,-0.3688964159395907,0.4087184667897042,-0.1973208956312016,0.1914865457334458,-0.06006047938449032,-1.6432861642852976
f3c0d9526a007b3faba3442e,AD2,walnuts,evaluation,47.21403121948242,-0.0019518435001373,-0.0035223811864852,-0.0032852739095687,-2.9414892196655277e-05,3,0,0.0081508584553375,0.0478263846598565,7,2.6759905904220087,0.4718332950829915,-1.0385069235176831,-0.9471203524299676,0.1505338221586076,0.8644351189960204,1.4132622062903082,2.3136794961368112,0.4900134516638377
f436c5436ac314c0ecadea16,AD2,walnuts,evaluation,39.04541397094727,-0.0020833015441894,6.917119026184082e-05,-0.0015514194965362,7.43865966796875e-05,3,0,0.0081508584553375,0.0461264159530401,7,-0.6791481631309823,0.4143352520238685,0.6666802558110876,0.1034629079533928,0.2099220877278923,-0.2878426275887947,-0.2346130377015449,-0.6008870560225447,-2.0982694020389627
f5880d601ec8e2cfcf6406d7,AD2,walnuts,evaluation,45.84629440307617,-0.0007292032241821,0.0007024556398391,-0.0009564459323883,-0.0007654726505279,2,0,0.0081768110394477,0.0452713049016892,5,2.114212916457824,1.0066002904356377,0.9673492732752238,0.4639714155686357,-0.2705891703852323,1.2890921660132295,0.9218118730362956,1.9491887663689054,0.28302774155005084
f66062f4710a570ba9825038,AD2,walnuts,evaluation,40.6689453125,-0.0023365020751953,-0.0079666972160339,-0.0036337673664093,-0.0007071197032928,3,0,0.0081768110394477,0.0464178789407014,7,-0.0123066701441153,0.3035886245402346,-3.1485668417682544,-1.1582807528406491,-0.2372035189397372,-0.5852937114923822,-0.1247550945419262,-0.1269040784137687,-1.7768303377759804
f6bbd43cdf8fac90e26bcbd8,AD2,walnuts,evaluation,53.89299011230469,0.0024514496326446,0.005125880241394,0.003195434808731,0.003195434808731,3,0,0.0081768110394477,0.0464469087310135,7,5.419274200474107,2.397776587303673,3.0674904178491267,2.97969382740544,1.9955770150156744,4.199484013939774,3.7074256077448906,5.175316163167241,3.4834564280672806
f7401f37db3728e99c07f453,AD2,walnuts,evaluation,41.79772186279297,-0.005448579788208,-0.0003668963909149,-0.0014137625694274,-0.0014137625694274,2,0,0.0081768110394477,0.045355801936239,5,0.4513216077836991,-1.0575937940509832,0.4596453108224883,0.1868724850258636,-0.6414972786047703,0.3190970464047813,-0.0950878354105356,0.42487669550791557,-1.1460144878483898
fa1eea9c0201913e4f67ee3e,AD2,walnuts,evaluation,39.37023162841797,-0.003753125667572,-0.0015032589435577,-6.973743438720703e-06,-6.973743438720703e-06,3,0,0.008169392007403,0.0455246758647263,7,-0.5457341130830763,-0.3160241568636088,-0.0798737195503446,1.0392789964198692,0.1633731457226821,0.2467724416683964,-0.191180483680197,-0.3872328021327818,-1.8161704792726345
fb35db647c911c3f0b9e7386,AD2,walnuts,evaluation,40.95864486694336,-0.0010992586612701,-0.0010481178760528,0.0001784265041351,0.0001784265041351,3,0,0.008169392007403,0.0462691360153257,7,0.1066831383420456,0.8447428429939848,0.1362168818620315,1.1516173767982716,0.2694467604532363,0.6291502575701586,0.188064949397641,0.21117656218766823,-1.2548375676928418
fbb762101eef6b6b4f95442d,AD2,walnuts,evaluation,37.91912078857422,-0.0063044428825378,-0.0040825903415679,-0.0059249401092529,-0.0020452737808227,3,0,0.008169392007403,0.0466485568322241,7,-1.1417564344047997,-1.4319372083724284,-1.3044814573082242,-2.546556326721247,-1.0028057332166405,-1.8441563805630237,-1.07228108381072,-1.2822364236364445,-2.9674026441063193
fbc67fac12832cd373ec4870,AD2,walnuts,evaluation,56.64612579345703,-0.0001447200775146,0.0008924901485443,0.0031510293483734,0.0031510293483734,1,0,0.008169392007403,0.042216099333018,3,6.550083973606787,1.2622456362700336,1.0575733251286823,2.952787512220772,1.970171182199644,4.751435742913779,4.260127577903216,6.190354327468186,4.415773860760767
fbf0cce228bf225d4dc5452e,AD2,walnuts,evaluation,42.15826797485352,-0.0059396624565124,-0.0017551183700561,-0.0019788444042205,-0.0019788444042205,3,0,0.0081638973206281,0.0482868519611656,7,0.5994105922729807,-1.272386982336685,-0.1994508327336861,-0.1555239191462772,-0.9647992893596392,0.2219433365633517,-0.1826943485433292,0.5239171411310548,-1.086030148115451
fc603efa32f75391bcab2e19,AD2,walnuts,evaluation,39.45299530029297,-0.0015501081943511,-0.0012960731983184,-0.0012099742889404,-0.0012099742889404,3,0,0.0081638973206281,0.0454239067621529,7,-0.5117401586051685,0.6475471061092846,0.0184933483529318,0.3103526080008702,-0.5249032619631485,-0.1006937753021491,-0.5183217102841585,-0.4295308819445647,-1.921596791806349
fd1f519a84011cc6de9f8517,AD2,walnuts,evaluation,49.96606063842773,-0.0030401945114135,-0.0026814639568328,-0.0019522458314895,0.0008592307567596,3,0,0.0081638973206281,0.0472121206112206,7,3.806345982710359,-0.0041973180378684,-0.6392585962028382,-0.1394072169299577,0.6589573945803511,1.8334693828902004,2.2326516886453547,3.4117706627463273,1.5749277873358376
fd7dac96ef49a717f5a21ca5,AD2,walnuts,evaluation,46.39789581298828,0.0001863241195678,0.001701146364212,0.0035122334957122,0.0035122334957122,1,0,0.0081638973206281,0.0433385199867188,3,2.34077503959347,1.4070400734273083,1.4415048585704984,3.171649619628944,2.1768280236293687,2.756212329611207,2.2588015316114194,2.4238624975970176,0.9670869188653934
fe50b1be242d0d6d470a5ada,AD2,walnuts,evaluation,42.29978942871094,-0.007347285747528,-0.0052417665719985,-0.0035184919834136,0.0008183717727661,3,0,0.0176639510318636,0.046502458397299,7,0.6575384369068256,-1.888063148686378,-1.854831901731684,-1.0884326809384373,0.6355806182107016,-0.2154471220158058,0.6465595275587636,0.48294132512229937,-1.2088405486510854
ff4fd8f56918d445fed28e19,AD2,walnuts,evaluation,54.696998596191406,0.0034618377685546,0.0044316351413726,0.000798225402832,0.000798225402832,3,0,0.0176639510318636,0.0474169738590717,7,5.749508797150486,2.8397072501541483,2.7378786734868097,1.5271681398154129,0.624054213523697,3.638338468482949,3.186781505337091,5.327274731416979,3.4909380796838896
